BN	TN	SubNum	group	hand	isTrain	isChanged	seq	cue	digitChangePos	precueTime	windowSize	press1	press2	press3	press4	press5	press6	press7	press8	press9	press10	press11	RT	ET	norm_MT	isError	timingError	points	response1	response2	response3	response4	response5	response6	response7	response8	response9	response10	response11	handPressed1	handPressed2	handPressed3	handPressed4	handPressed5	handPressed6	handPressed7	handPressed8	handPressed9	handPressed10	handPressed11	pressTime1	pressTime2	pressTime3	pressTime4	pressTime5	pressTime6	pressTime7	pressTime8	pressTime9	pressTime10	pressTime11	timeThreshold	timeThresholdSuper	startTime	startTimeReal	trialDur	startTR	startTRtime	useMetronome	isCross	crossTime
1	1	3	0	2	1	0	14325242135	14325242135	8	0	3	1	4	3	2	5	2	4	2	1	3	5	1090	6445	7535	1	0	0	1	4	5	2	5	2	4	2	1	3	5	2	2	2	2	2	2	2	2	2	2	2	1095	1525	1780	3095	3565	4145	4870	5515	5995	6680	7245	3500	2940	0	-1	10755	-1	-1	1	0	0
1	2	3	0	2	1	0	13524232514	13524232514	8	0	4	1	3	5	2	4	2	3	2	5	1	4	2000	6105	8105	1	0	0	1	3	5	2	4	3	2	2	4	5	1	2	2	2	2	2	2	2	2	2	2	2	2005	2330	2885	3395	3720	4160	4615	6075	7215	7230	8035	3500	2940	0	-1	11540	-1	-1	1	0	0
1	3	3	0	2	1	0	51423252413	51423252413	8	0	2	5	1	4	2	3	2	5	2	4	1	3	935	6005	6940	0	0	1	5	1	4	2	3	2	5	2	4	1	3	2	2	2	2	2	2	2	2	2	2	2	940	1400	2220	3160	3790	4285	4650	5155	5645	6215	6710	3500	2940	0	-1	10160	-1	-1	1	0	0
1	4	3	0	2	1	0	51423252413	51423252413	8	0	11	5	1	4	2	3	2	5	2	4	1	3	705	4505	5210	0	0	1	5	1	4	2	3	2	5	2	4	1	3	2	2	2	2	2	2	2	2	2	2	2	710	1120	1435	1840	2260	2630	2975	3415	3925	4620	5005	3500	2940	0	-1	8430	-1	-1	1	0	0
1	5	3	0	2	1	0	14325242135	14325242135	8	0	2	1	4	3	2	5	2	4	2	1	3	5	860	5065	5925	0	0	1	1	4	3	2	5	2	4	2	1	3	5	2	2	2	2	2	2	2	2	2	2	2	865	1330	1865	2320	2800	3335	3830	4390	4880	5255	5620	3500	2940	0	-1	9145	-1	-1	1	0	0
1	6	3	0	2	1	0	13524232514	13524232514	8	0	3	1	3	5	2	4	2	3	2	5	1	4	590	5190	5780	0	0	1	1	3	5	2	4	2	3	2	5	1	4	2	2	2	2	2	2	2	2	2	2	2	595	1035	1395	2040	2440	3130	3580	4145	4615	5065	5460	3500	2940	0	-1	9000	-1	-1	1	0	0
1	7	3	0	2	1	0	35421252143	35421252143	8	0	2	3	5	4	2	1	2	5	2	1	4	3	860	6215	7075	1	0	0	2	4	4	2	1	2	5	2	1	4	3	2	2	2	2	2	2	2	2	2	2	2	865	1165	2300	2800	3235	3610	4190	5245	5660	6245	6865	3500	2940	0	-1	10295	-1	-1	1	0	0
1	8	3	0	2	1	0	51423252413	51423252413	8	0	11	5	1	4	2	3	2	5	2	4	1	3	710	5615	6325	0	0	1	5	1	4	2	3	2	5	2	4	1	3	2	2	2	2	2	2	2	2	2	2	2	715	1160	1615	2115	2600	3140	3840	4545	5280	5755	6150	3500	2940	0	-1	9545	-1	-1	1	0	0
1	9	3	0	2	1	0	14325242135	14325242135	8	0	4	1	4	3	2	5	2	4	2	1	3	5	620	4880	5500	0	0	1	1	4	3	2	5	2	4	2	1	3	5	2	2	2	2	2	2	2	2	2	2	2	625	1035	1520	1820	2185	2840	3300	3845	4345	4775	5215	3500	2940	0	-1	8720	-1	-1	1	0	0
1	10	3	0	2	1	0	13524232514	13524232514	8	0	4	1	3	5	2	4	2	3	2	5	1	4	615	5190	5805	0	0	1	1	3	5	2	4	2	3	2	5	1	4	2	2	2	2	2	2	2	2	2	2	2	620	1185	1555	2060	2995	3590	3980	4415	4830	5210	5630	3500	2940	0	-1	9025	-1	-1	1	0	0
1	11	3	0	2	1	0	35421252143	35421252143	8	0	4	3	5	4	2	1	2	5	2	1	4	3	1370	5380	6750	0	0	1	3	5	4	2	1	2	5	2	1	4	3	2	2	2	2	2	2	2	2	2	2	2	1375	1800	2425	3160	3500	3900	4505	5110	5645	6130	6475	3500	2940	0	-1	9970	-1	-1	1	0	0
1	12	3	0	2	1	0	13524232514	13524232514	8	0	2	1	3	5	2	4	2	3	2	5	1	4	575	7025	7600	1	0	0	1	3	4	5	4	2	3	2	5	1	4	2	2	2	2	2	2	2	2	2	2	2	580	1055	1585	1835	2865	3340	3970	4855	5775	6460	7390	3500	2940	0	-1	10820	-1	-1	1	0	0
1	13	3	0	2	1	0	35421252143	35421252143	8	0	4	3	5	4	2	1	2	5	2	1	4	3	1625	5420	7045	1	0	0	3	5	4	2	1	2	5	2	1	3	3	2	2	2	2	2	2	2	2	2	2	2	1630	1970	2565	3460	3865	4230	4620	5020	5550	6055	6855	3500	2940	0	-1	10265	-1	-1	1	0	0
1	14	3	0	2	1	0	35421252143	35421252143	8	0	11	3	5	4	2	1	2	5	2	1	4	3	1060	6845	7905	1	0	0	4	5	4	2	1	2	5	2	1	4	3	2	2	2	2	2	2	2	2	2	2	2	1065	1975	3635	4370	4725	5010	5355	5750	6115	7480	7765	3500	2940	0	-1	11125	-1	-1	1	0	0
1	15	3	0	2	1	0	51423252413	51423252413	8	0	4	5	1	4	2	3	2	5	2	4	1	3	780	5415	6195	0	0	1	5	1	4	2	3	2	5	2	4	1	3	2	2	2	2	2	2	2	2	2	2	2	785	1255	1685	2080	2440	2870	3300	3850	4720	5420	5950	3500	2940	0	-1	9415	-1	-1	1	0	0
1	16	3	0	2	1	0	35421252143	35421252143	8	0	3	3	5	4	2	1	2	5	2	1	4	3	1400	5930	7330	0	0	1	3	5	4	2	1	2	5	2	1	4	3	2	2	2	2	2	2	2	2	2	2	2	1405	1760	2205	2660	3115	3540	4075	4560	5015	5615	7010	3500	2940	0	-1	10550	-1	-1	1	0	0
1	17	3	0	2	1	0	51423252413	51423252413	8	0	2	5	1	4	2	3	2	5	2	4	1	3	660	4670	5330	0	0	1	5	1	4	2	3	2	5	2	4	1	3	2	2	2	2	2	2	2	2	2	2	2	665	1120	1490	1880	2190	2580	3015	3420	4195	4725	5075	3500	2940	0	-1	8550	-1	-1	1	0	0
1	18	3	0	2	1	0	14325242135	14325242135	8	0	11	1	4	3	2	5	2	4	2	1	3	5	625	5425	6050	1	0	0	1	4	3	2	5	2	4	2	1	3	4	2	2	2	2	2	2	2	2	2	2	2	630	1095	1585	1965	2560	3460	3950	4380	4740	5175	5675	3500	2940	0	-1	9270	-1	-1	1	0	0
1	19	3	0	2	1	0	14325242135	14325242135	8	0	4	1	4	3	2	5	2	4	2	1	3	5	800	6625	7425	0	0	1	1	4	3	2	5	2	4	2	1	3	5	2	2	2	2	2	2	2	2	2	2	2	805	1215	1650	2025	2945	4040	4750	5380	5935	6475	7140	3500	2940	0	-1	10645	-1	-1	1	0	0
1	20	3	0	2	1	0	14325242135	14325242135	8	0	2	1	4	3	2	5	2	4	2	1	3	5	595	8440	9035	0	0	1	1	4	3	2	5	2	4	2	1	3	5	2	2	2	2	2	2	2	2	2	2	2	600	1015	1735	3030	4295	5350	6100	6740	7215	7845	8730	3500	2940	0	-1	12255	-1	-1	1	0	0
1	21	3	0	2	1	0	13524232514	13524232514	8	0	3	1	3	5	2	4	2	3	2	5	1	4	650	5330	5980	0	0	1	1	3	5	2	4	2	3	2	5	1	4	2	2	2	2	2	2	2	2	2	2	2	655	1095	1465	1930	2590	3195	3610	4000	4855	5330	5745	3500	2940	0	-1	9200	-1	-1	1	0	0
1	22	3	0	2	1	0	35421252143	35421252143	8	0	2	3	5	4	2	1	2	5	2	1	4	3	1125	4680	5805	0	0	1	3	5	4	2	1	2	5	2	1	4	3	2	2	2	2	2	2	2	2	2	2	2	1130	1605	2050	2625	3025	3385	3765	4190	4635	5190	5555	3500	2940	0	-1	9025	-1	-1	1	0	0
1	23	3	0	2	1	0	13524232514	13524232514	8	0	11	1	3	5	2	4	2	3	2	5	1	4	590	5375	5965	1	0	0	1	3	5	2	4	3	3	2	5	1	4	2	2	2	2	2	2	2	2	2	2	2	595	990	1345	1920	2400	2915	3865	4530	5160	5500	5800	3500	2940	0	-1	9185	-1	-1	1	0	0
1	24	3	0	2	1	0	35421252143	35421252143	8	0	3	3	5	4	2	1	2	5	2	1	4	3	1270	6620	7890	1	0	0	3	5	4	2	1	2	5	3	1	3	4	2	2	2	2	2	2	2	2	2	2	2	1275	1645	1965	2765	3240	3590	3935	5450	6940	7430	7510	3500	2940	0	-1	11110	-1	-1	1	0	0
1	25	3	0	2	1	0	14325242135	14325242135	8	0	11	1	4	3	2	5	2	4	2	1	3	5	820	5375	6195	0	0	1	1	4	3	2	5	2	4	2	1	3	5	2	2	2	2	2	2	2	2	2	2	2	825	1455	1915	2255	2875	3440	3940	4725	5165	5680	6020	3500	2940	0	-1	9415	-1	-1	1	0	0
1	26	3	0	2	1	0	51423252413	51423252413	8	0	3	5	1	4	2	3	2	5	2	4	1	3	1145	4510	5655	1	0	0	5	1	4	3	3	2	5	2	4	1	3	2	2	2	2	2	2	2	2	2	2	2	1150	1545	1895	2235	3005	3425	3825	4335	4850	5230	5570	3500	2940	0	-1	8875	-1	-1	1	0	0
1	27	3	0	2	1	0	14325242135	14325242135	8	0	3	1	4	3	2	5	2	4	2	1	3	5	710	5400	6110	0	0	1	1	4	3	2	5	2	4	2	1	3	5	2	2	2	2	2	2	2	2	2	2	2	715	1080	1515	2155	2600	3185	4000	4520	5100	5585	5920	3500	2940	0	-1	9330	-1	-1	1	0	0
1	28	3	0	2	1	0	51423252413	51423252413	8	0	4	5	1	4	2	3	2	5	2	4	1	3	690	5430	6120	0	0	1	5	1	4	2	3	2	5	2	4	1	3	2	2	2	2	2	2	2	2	2	2	2	695	1220	1720	2170	2580	2970	3380	4035	4485	5220	5885	3500	2940	0	-1	9340	-1	-1	1	0	0
1	29	3	0	2	1	0	35421252143	35421252143	8	0	11	3	5	4	2	1	2	5	2	1	4	3	1340	4445	5785	0	0	1	3	5	4	2	1	2	5	2	1	4	3	2	2	2	2	2	2	2	2	2	2	2	1345	1700	2165	2585	3040	3410	3775	4170	4580	4965	5695	3500	2940	0	-1	9005	-1	-1	1	0	0
1	30	3	0	2	1	0	51423252413	51423252413	8	0	3	5	1	4	2	3	2	5	2	4	1	3	910	6175	7085	0	0	1	5	1	4	2	3	2	5	2	4	1	3	2	2	2	2	2	2	2	2	2	2	2	915	1340	1630	2420	2925	3265	4080	4905	6030	6530	6920	3500	2940	0	-1	10305	-1	-1	1	0	0
1	31	3	0	2	1	0	13524232514	13524232514	8	0	11	1	3	5	2	4	2	3	2	5	1	4	985	5895	6880	0	0	1	1	3	5	2	4	2	3	2	5	1	4	2	2	2	2	2	2	2	2	2	2	2	990	2190	3125	3785	4320	4820	5280	5635	6055	6400	6705	3500	2940	0	-1	10100	-1	-1	1	0	0
1	32	3	0	2	1	0	13524232514	13524232514	8	0	2	1	3	5	2	4	2	3	2	5	1	4	555	6970	7525	1	0	0	1	4	5	2	4	3	3	2	5	1	4	2	2	2	2	2	2	2	2	2	2	2	560	870	1860	2395	2980	3360	5250	5740	6370	6840	7305	3500	2940	0	-1	10745	-1	-1	1	0	0
2	1	3	0	2	1	0	35421252143	35421252143	8	0	4	3	5	4	2	1	2	5	2	1	4	3	1735	5700	7435	1	0	0	3	5	2	1	1	2	5	2	1	4	3	2	2	2	2	2	2	2	2	2	2	2	1740	2055	2795	3195	4190	4570	4950	5570	5955	6785	7215	3500	2940	0	-1	10655	-1	-1	1	0	0
2	2	3	0	2	1	0	35421252143	35421252143	8	0	2	3	5	4	2	1	2	5	2	1	4	3	1225	4875	6100	0	0	1	3	5	4	2	1	2	5	2	1	4	3	2	2	2	2	2	2	2	2	2	2	2	1230	1555	1970	2325	2660	2950	3400	4515	4935	5545	5855	3500	2940	0	-1	9320	-1	-1	1	0	0
2	3	3	0	2	1	0	35421252143	35421252143	8	0	11	3	5	4	2	1	2	5	2	1	4	3	1470	4555	6025	0	0	1	3	5	4	2	1	2	5	2	1	4	3	2	2	2	2	2	2	2	2	2	2	2	1475	1845	2275	2985	3310	3610	3925	4300	4640	5490	5860	3500	2940	0	-1	9245	-1	-1	1	0	0
2	4	3	0	2	1	0	13524232514	13524232514	8	0	11	1	3	5	2	4	2	3	2	5	1	4	755	6565	7320	1	0	0	1	3	5	2	4	3	3	2	3	5	4	2	2	2	2	2	2	2	2	2	2	2	760	1215	1710	2730	3265	4050	4895	5420	5775	6120	7130	3500	2940	0	-1	10540	-1	-1	1	0	0
2	5	3	0	2	1	0	35421252143	35421252143	8	0	4	3	5	4	2	1	2	5	2	1	4	3	1315	4085	5400	0	0	1	3	5	4	2	1	2	5	2	1	4	3	2	2	2	2	2	2	2	2	2	2	2	1320	1615	2015	2460	2805	3130	3530	4175	4500	4940	5220	3500	2940	0	-1	8620	-1	-1	1	0	0
2	6	3	0	2	1	0	13524232514	13524232514	8	0	2	1	3	5	2	4	2	3	2	5	1	4	615	5700	6315	0	0	1	1	3	5	2	4	2	3	2	5	1	4	2	2	2	2	2	2	2	2	2	2	2	620	1080	1420	2290	3150	3655	4515	5015	5325	5785	6145	3500	2940	0	-1	9535	-1	-1	1	0	0
2	7	3	0	2	1	0	35421252143	35421252143	8	0	3	3	5	4	2	1	2	5	2	1	4	3	1265	5340	6605	0	0	1	3	5	4	2	1	2	5	2	1	4	3	2	2	2	2	2	2	2	2	2	2	2	1270	1510	1860	2160	3230	3750	4195	4630	5060	5680	6250	3500	2940	0	-1	9825	-1	-1	1	0	0
2	8	3	0	2	1	0	35421252143	35421252143	8	0	3	3	5	4	2	1	2	5	2	1	4	3	1170	5960	7130	1	0	0	3	5	4	2	1	2	5	2	1	3	3	2	2	2	2	2	2	2	2	2	2	2	1175	1585	1995	2350	2690	3170	3775	4290	4800	5230	6860	3500	2940	0	-1	10350	-1	-1	1	0	0
2	9	3	0	2	1	0	13524232514	13524232514	8	0	11	1	3	5	2	4	2	3	2	5	1	4	705	3880	4585	0	0	1	1	3	5	2	4	2	3	2	5	1	4	2	2	2	2	2	2	2	2	2	2	2	710	1275	1605	1975	2335	2730	3090	3445	3815	4155	4390	3500	2940	0	-1	7805	-1	-1	1	0	0
2	10	3	0	2	1	0	13524232514	13524232514	8	0	4	1	3	5	2	4	2	3	2	5	1	4	780	3525	4305	0	0	1	1	3	5	2	4	2	3	2	5	1	4	2	2	2	2	2	2	2	2	2	2	2	785	1100	1300	1675	1950	2325	2615	2900	3285	3735	3975	3500	2940	0	-1	7525	-1	-1	1	0	0
2	11	3	0	2	1	0	13524232514	13524232514	8	0	2	1	3	5	2	4	2	3	2	5	1	4	695	5375	6070	1	0	0	1	3	5	2	4	2	3	2	1	1	4	2	2	2	2	2	2	2	2	2	2	2	700	985	1285	1685	1995	2335	2670	3055	3975	4900	5745	3500	2940	0	-1	9290	-1	-1	1	0	0
2	12	3	0	2	1	0	35421252143	35421252143	8	0	2	3	5	4	2	1	2	5	2	1	4	3	1055	4900	5955	0	0	1	3	5	4	2	1	2	5	2	1	4	3	2	2	2	2	2	2	2	2	2	2	2	1060	1460	1950	2395	2815	3210	3630	4045	4515	4965	5670	3500	2940	0	-1	9175	-1	-1	1	0	0
2	13	3	0	2	1	0	35421252143	35421252143	8	0	2	3	5	4	2	1	2	5	2	1	4	3	885	4710	5595	0	0	1	3	5	4	2	1	2	5	2	1	4	3	2	2	2	2	2	2	2	2	2	2	2	890	1265	1690	2065	2415	2770	3115	3475	3910	4395	5225	3500	2940	0	-1	8815	-1	-1	1	0	0
2	14	3	0	2	1	0	35421252143	35421252143	8	0	3	3	5	4	2	1	2	5	2	1	4	3	970	4915	5885	0	0	1	3	5	4	2	1	2	5	2	1	4	3	2	2	2	2	2	2	2	2	2	2	2	975	1400	1860	2270	2690	3085	3490	3980	4440	5020	5585	3500	2940	0	-1	9105	-1	-1	1	0	0
2	15	3	0	2	1	0	35421252143	35421252143	8	0	4	3	5	4	2	1	2	5	2	1	4	3	1000	5915	6915	0	0	1	3	5	4	2	1	2	5	2	1	4	3	2	2	2	2	2	2	2	2	2	2	2	1005	1400	1780	2090	2460	2780	3375	4020	4455	5950	6495	3500	2940	0	-1	10135	-1	-1	1	0	0
2	16	3	0	2	1	0	35421252143	35421252143	8	0	2	3	5	4	2	1	2	5	2	1	4	3	1520	4520	6040	0	0	1	3	5	4	2	1	2	5	2	1	4	3	2	2	2	2	2	2	2	2	2	2	2	1525	1915	2315	2725	3165	3595	4050	4520	4940	5355	5780	3500	2940	0	-1	9260	-1	-1	1	0	0
2	17	3	0	2	1	0	35421252143	35421252143	8	0	3	3	5	4	2	1	2	5	2	1	4	3	1080	4900	5980	0	0	1	3	5	4	2	1	2	5	2	1	4	3	2	2	2	2	2	2	2	2	2	2	2	1085	1465	1905	2265	2645	3055	3605	4355	4825	5215	5690	3500	2940	0	-1	9200	-1	-1	1	0	0
2	18	3	0	2	1	0	13524232514	13524232514	8	0	11	1	3	5	2	4	2	3	2	5	1	4	1060	5610	6670	0	0	1	1	3	5	2	4	2	3	2	5	1	4	2	2	2	2	2	2	2	2	2	2	2	1065	1745	2095	2600	3265	3900	4310	4710	5230	5735	6330	3500	2940	0	-1	9890	-1	-1	1	0	0
2	19	3	0	2	1	0	35421252143	35421252143	8	0	11	3	5	4	2	1	2	5	2	1	4	3	1155	5355	6510	0	0	1	3	5	4	2	1	2	5	2	1	4	3	2	2	2	2	2	2	2	2	2	2	2	1160	1490	1990	2405	2790	3075	3405	4335	4775	5205	6170	3500	2940	0	-1	9730	-1	-1	1	0	0
2	20	3	0	2	1	0	13524232514	13524232514	8	0	3	1	3	5	2	4	2	3	2	5	1	4	780	6040	6820	0	0	1	1	3	5	2	4	2	3	2	5	1	4	2	2	2	2	2	2	2	2	2	2	2	785	1550	1900	2430	3200	5135	5465	5745	6015	6325	6585	3500	2940	0	-1	10040	-1	-1	1	0	0
2	21	3	0	2	1	0	13524232514	13524232514	8	0	3	1	3	5	2	4	2	3	2	5	1	4	1100	5440	6540	0	0	1	1	3	5	2	4	2	3	2	5	1	4	2	2	2	2	2	2	2	2	2	2	2	1105	1365	1575	2010	2885	4005	4410	4750	5540	6060	6365	3500	2940	0	-1	9760	-1	-1	1	0	0
2	22	3	0	2	1	0	13524232514	13524232514	8	0	4	1	3	5	2	4	2	3	2	5	1	4	730	5305	6035	1	0	0	1	1	5	2	4	2	3	2	5	1	4	2	2	2	2	2	2	2	2	2	2	2	735	1145	1975	2425	2935	3685	4110	4495	5000	5350	5740	3500	2940	0	-1	9255	-1	-1	1	0	0
2	23	3	0	2	1	0	13524232514	13524232514	8	0	3	1	3	5	2	4	2	3	2	5	1	4	630	5435	6065	1	0	0	1	4	5	2	4	2	3	2	5	1	4	2	2	2	2	2	2	2	2	2	2	2	635	1035	1350	2145	2840	3530	4325	4785	5325	5620	5890	3500	2940	0	-1	9285	-1	-1	1	0	0
2	24	3	0	2	1	0	13524232514	13524232514	8	0	2	1	3	5	2	4	2	3	2	5	1	4	860	5810	6670	0	0	1	1	3	5	2	4	2	3	2	5	1	4	2	2	2	2	2	2	2	2	2	2	2	865	1225	1935	3010	3330	3715	4200	4505	4850	5110	6365	3500	2940	0	-1	9890	-1	-1	1	0	0
2	25	3	0	2	1	0	13524232514	13524232514	8	0	4	1	3	5	2	4	2	3	2	5	1	4	725	5720	6445	0	0	1	1	3	5	2	4	2	3	2	5	1	4	2	2	2	2	2	2	2	2	2	2	2	730	1280	1580	2020	3255	4040	4585	5380	5710	6070	6265	3500	2940	0	-1	9665	-1	-1	1	0	0
2	26	3	0	2	1	0	35421252143	35421252143	8	0	11	3	5	4	2	1	2	5	2	1	4	3	1370	6000	7370	0	0	1	3	5	4	2	1	2	5	2	1	4	3	2	2	2	2	2	2	2	2	2	2	2	1375	1745	2470	3125	3720	4115	4980	6245	6605	6960	7225	3500	2940	0	-1	10590	-1	-1	1	0	0
2	27	3	0	2	1	0	35421252143	35421252143	8	0	4	3	5	4	2	1	2	5	2	1	4	3	1045	5520	6565	0	0	1	3	5	4	2	1	2	5	2	1	4	3	2	2	2	2	2	2	2	2	2	2	2	1050	1325	2075	2695	3220	3730	4330	4910	5420	5815	6270	3500	2940	0	-1	9785	-1	-1	1	0	0
2	28	3	0	2	1	0	35421252143	35421252143	8	0	11	3	5	4	2	1	2	5	2	1	4	3	1510	3785	5295	0	0	1	3	5	4	2	1	2	5	2	1	4	3	2	2	2	2	2	2	2	2	2	2	2	1515	1815	2240	2610	2995	3390	3700	4070	4400	4750	5005	3500	2940	0	-1	8515	-1	-1	1	0	0
2	29	3	0	2	1	0	13524232514	13524232514	8	0	3	1	3	5	2	4	2	3	2	5	1	4	670	6100	6770	0	0	1	1	3	5	2	4	2	3	2	5	1	4	2	2	2	2	2	2	2	2	2	2	2	675	1555	1960	2385	2990	3465	4110	4545	5215	5630	6410	3500	2940	0	-1	9990	-1	-1	1	0	0
2	30	3	0	2	1	0	13524232514	13524232514	8	0	4	1	3	5	2	4	2	3	2	5	1	4	700	3775	4475	0	0	1	1	3	5	2	4	2	3	2	5	1	4	2	2	2	2	2	2	2	2	2	2	2	705	1065	1360	1725	2095	2455	2815	3180	3510	3835	4145	3500	2940	0	-1	7695	-1	-1	1	0	0
2	31	3	0	2	1	0	13524232514	13524232514	8	0	2	1	3	5	2	4	2	3	2	5	1	4	700	4760	5460	0	0	1	1	3	5	2	4	2	3	2	5	1	4	2	2	2	2	2	2	2	2	2	2	2	705	1500	1865	2285	2675	3070	3515	3925	4365	4750	5235	3500	2940	0	-1	8680	-1	-1	1	0	0
2	32	3	0	2	1	0	13524232514	13524232514	8	0	11	1	3	5	2	4	2	3	2	5	1	4	750	3535	4285	0	0	1	1	3	5	2	4	2	3	2	5	1	4	2	2	2	2	2	2	2	2	2	2	2	755	1110	1370	1705	2025	2350	2760	3095	3425	3795	4000	3500	2940	0	-1	7505	-1	-1	1	0	0
3	1	3	0	2	1	0	13524232514	13524232514	8	0	2	1	3	5	2	4	2	3	2	5	1	4	885.000	3705.000	4590.000	0	0	1	1	3	5	2	4	2	3	2	5	1	4	2	2	2	2	2	2	2	2	2	2	2	890.000	1595.000	2000.000	2350.000	2640.000	2950.000	3285.000	3595.000	3900.000	4195.000	4415.000	3500.000	2940.000	0	-1	7810	-1	-1	1	0	0	
3	2	3	0	2	1	0	35421252143	35421252143	8	0	2	3	5	4	2	1	2	5	2	1	4	3	835.000	3755.000	4590.000	0	0	1	3	5	4	2	1	2	5	2	1	4	3	2	2	2	2	2	2	2	2	2	2	2	840.000	1170.000	1500.000	1820.000	2170.000	2495.000	2850.000	3510.000	3860.000	4135.000	4375.000	3500.000	2940.000	0	-1	7810	-1	-1	1	0	0	
3	3	3	0	2	1	0	13524232514	13524232514	8	0	4	1	3	5	2	4	2	3	2	5	1	4	735.000	3440.000	4175.000	0	0	1	1	3	5	2	4	2	3	2	5	1	4	2	2	2	2	2	2	2	2	2	2	2	740.000	1135.000	1375.000	1705.000	2015.000	2310.000	2605.000	2960.000	3340.000	3655.000	3925.000	3500.000	2940.000	0	-1	7395	-1	-1	1	0	0	
3	4	3	0	2	1	0	35421252143	35421252143	8	0	2	3	5	4	2	1	2	5	2	1	4	3	815.000	5240.000	6055.000	0	0	1	3	5	4	2	1	2	5	2	1	4	3	2	2	2	2	2	2	2	2	2	2	2	820.000	1140.000	1505.000	1825.000	2105.000	2365.000	3195.000	3935.000	4180.000	5295.000	5810.000	3500.000	2940.000	0	-1	9275	-1	-1	1	0	0	
3	5	3	0	2	1	0	35421252143	35421252143	8	0	11	3	5	4	2	1	2	5	2	1	4	3	1175.000	3020.000	4195.000	0	0	1	3	5	4	2	1	2	5	2	1	4	3	2	2	2	2	2	2	2	2	2	2	2	1180.000	1475.000	1785.000	2070.000	2335.000	2620.000	2850.000	3155.000	3455.000	3725.000	3975.000	3500.000	2940.000	0	-1	7415	-1	-1	1	0	0	
3	6	3	0	2	1	0	13524232514	13524232514	8	0	4	1	3	5	2	4	2	3	2	5	1	4	725.000	3980.000	4705.000	0	0	1	1	3	5	2	4	2	3	2	5	1	4	2	2	2	2	2	2	2	2	2	2	2	730.000	1045.000	1310.000	1925.000	2335.000	2685.000	3070.000	3425.000	3750.000	4065.000	4430.000	3500.000	2940.000	0	-1	7925	-1	-1	1	0	0	
3	7	3	0	2	1	0	13524232514	13524232514	8	0	3	1	3	5	2	4	2	3	2	5	1	4	665.000	3600.000	4265.000	0	0	1	1	3	5	2	4	2	3	2	5	1	4	2	2	2	2	2	2	2	2	2	2	2	670.000	1015.000	1365.000	1855.000	2285.000	2610.000	2910.000	3235.000	3560.000	3870.000	4100.000	3500.000	2940.000	0	-1	7485	-1	-1	1	0	0	
3	8	3	0	2	1	0	13524232514	13524232514	8	0	2	1	3	5	2	4	2	3	2	5	1	4	690.000	3625.000	4315.000	0	0	1	1	3	5	2	4	2	3	2	5	1	4	2	2	2	2	2	2	2	2	2	2	2	695.000	1060.000	1345.000	1790.000	2230.000	2610.000	2930.000	3275.000	3580.000	3855.000	4105.000	3500.000	2940.000	0	-1	7535	-1	-1	1	0	0	
3	9	3	0	2	1	0	35421252143	35421252143	8	0	4	3	5	4	2	1	2	5	2	1	4	3	835.000	3905.000	4740.000	0	0	1	3	5	4	2	1	2	5	2	1	4	3	2	2	2	2	2	2	2	2	2	2	2	840.000	1140.000	1475.000	1840.000	2120.000	2520.000	2905.000	3385.000	3725.000	4045.000	4535.000	3500.000	2940.000	0	-1	7960	-1	-1	1	0	0	
3	10	3	0	2	1	0	13524232514	13524232514	8	0	11	1	3	5	2	4	2	3	2	5	1	4	685.000	4710.000	5395.000	1	0	0	1	3	5	2	4	2	3	3	5	1	4	2	2	2	2	2	2	2	2	2	2	2	690.000	1235.000	1625.000	2065.000	2480.000	2900.000	3305.000	3760.000	4400.000	4850.000	5230.000	3500.000	2940.000	0	-1	8615	-1	-1	1	0	0	
3	11	3	0	2	1	0	13524232514	13524232514	8	0	2	1	3	5	2	4	2	3	2	5	1	4	825.000	3260.000	4085.000	0	0	1	1	3	5	2	4	2	3	2	5	1	4	2	2	2	2	2	2	2	2	2	2	2	830.000	1210.000	1495.000	1840.000	2120.000	2465.000	2755.000	3070.000	3415.000	3705.000	3940.000	3500.000	2940.000	0	-1	7305	-1	-1	1	0	0	
3	12	3	0	2	1	0	35421252143	35421252143	8	0	4	3	5	4	2	1	2	5	2	1	4	3	785.000	4530.000	5315.000	1	0	0	3	5	2	2	1	2	5	2	1	4	3	2	2	2	2	2	2	2	2	2	2	2	790.000	1095.000	1710.000	2565.000	2950.000	3290.000	3590.000	3935.000	4245.000	4565.000	5125.000	3500.000	2940.000	0	-1	8535	-1	-1	1	0	0	
3	13	3	0	2	1	0	35421252143	35421252143	8	0	3	3	5	4	2	1	2	5	2	1	4	3	800.000	3960.000	4760.000	0	0	1	3	5	4	2	1	2	5	2	1	4	3	2	2	2	2	2	2	2	2	2	2	2	805.000	1120.000	1490.000	1855.000	2170.000	2475.000	2785.000	3125.000	3840.000	4275.000	4570.000	3500.000	2940.000	0	-1	7980	-1	-1	1	0	0	
3	14	3	0	2	1	0	13524232514	13524232514	8	0	2	1	3	5	2	4	2	3	2	5	1	4	640.000	3220.000	3860.000	0	0	1	1	3	5	2	4	2	3	2	5	1	4	2	2	2	2	2	2	2	2	2	2	2	645.000	950.000	1185.000	1555.000	1855.000	2185.000	2505.000	2810.000	3145.000	3455.000	3725.000	3500.000	2940.000	0	-1	7080	-1	-1	1	0	0	
3	15	3	0	2	1	0	35421252143	35421252143	8	0	3	3	5	4	2	1	2	5	2	1	4	3	735.000	3365.000	4100.000	0	0	1	3	5	4	2	1	2	5	2	1	4	3	2	2	2	2	2	2	2	2	2	2	2	740.000	1025.000	1535.000	1865.000	2210.000	2490.000	2755.000	3070.000	3440.000	3695.000	3955.000	3500.000	2940.000	0	-1	7320	-1	-1	1	0	0	
3	16	3	0	2	1	0	35421252143	35421252143	8	0	11	3	5	4	2	1	2	5	2	1	4	3	810.000	4240.000	5050.000	1	0	0	3	5	4	2	1	2	5	1	1	4	3	2	2	2	2	2	2	2	2	2	2	2	815.000	1065.000	1400.000	1785.000	2095.000	2395.000	2715.000	3130.000	3835.000	4355.000	4870.000	3500.000	2940.000	0	-1	8270	-1	-1	1	0	0	
3	17	3	0	2	1	0	13524232514	13524232514	8	0	11	1	3	5	2	4	2	3	2	5	1	4	740.000	3440.000	4180.000	0	0	1	1	3	5	2	4	2	3	2	5	1	4	2	2	2	2	2	2	2	2	2	2	2	745.000	1065.000	1350.000	1690.000	2210.000	2570.000	2870.000	3190.000	3485.000	3795.000	4030.000	3500.000	2940.000	0	-1	7400	-1	-1	1	0	0	
3	18	3	0	2	1	0	35421252143	35421252143	8	0	2	3	5	4	2	1	2	5	2	1	4	3	645.000	3605.000	4250.000	0	0	1	3	5	4	2	1	2	5	2	1	4	3	2	2	2	2	2	2	2	2	2	2	2	650.000	965.000	1310.000	1615.000	2005.000	2320.000	2760.000	3155.000	3520.000	3845.000	4135.000	3500.000	2940.000	0	-1	7470	-1	-1	1	0	0	
3	19	3	0	2	1	0	35421252143	35421252143	8	0	11	3	5	4	2	1	2	5	2	1	4	3	790.000	3165.000	3955.000	0	0	1	3	5	4	2	1	2	5	2	1	4	3	2	2	2	2	2	2	2	2	2	2	2	795.000	1105.000	1430.000	1735.000	2030.000	2340.000	2605.000	2935.000	3275.000	3560.000	3835.000	3500.000	2940.000	0	-1	7175	-1	-1	1	0	0	
3	20	3	0	2	1	0	13524232514	13524232514	8	0	3	1	3	5	2	4	2	3	2	5	1	4	700.000	2990.000	3690.000	0	0	1	1	3	5	2	4	2	3	2	5	1	4	2	2	2	2	2	2	2	2	2	2	2	705.000	1010.000	1270.000	1595.000	1885.000	2195.000	2475.000	2755.000	3020.000	3340.000	3565.000	3500.000	2940.000	0	-1	6910	-1	-1	1	0	0	
3	21	3	0	2	1	0	13524232514	13524232514	8	0	11	1	3	5	2	4	2	3	2	5	1	4	735.000	3615.000	4350.000	0	0	1	1	3	5	2	4	2	3	2	5	1	4	2	2	2	2	2	2	2	2	2	2	2	740.000	1065.000	1355.000	1740.000	2055.000	2390.000	2950.000	3310.000	3610.000	3975.000	4230.000	3500.000	2940.000	0	-1	7570	-1	-1	1	0	0	
3	22	3	0	2	1	0	13524232514	13524232514	8	0	11	1	3	5	2	4	2	3	2	5	1	4	845.000	3000.000	3845.000	0	0	1	1	3	5	2	4	2	3	2	5	1	4	2	2	2	2	2	2	2	2	2	2	2	850.000	1155.000	1420.000	1725.000	2010.000	2320.000	2585.000	2870.000	3170.000	3505.000	3755.000	3500.000	2940.000	0	-1	7065	-1	-1	1	0	0	
3	23	3	0	2	1	0	35421252143	35421252143	8	0	4	3	5	4	2	1	2	5	2	1	4	3	970.000	5060.000	6030.000	1	0	0	3	5	2	1	1	2	5	2	1	3	3	2	2	2	2	2	2	2	2	2	2	2	975.000	1270.000	1905.000	2185.000	2940.000	3225.000	3675.000	4075.000	4435.000	4980.000	5860.000	3500.000	2940.000	0	-1	9250	-1	-1	1	0	0	
3	24	3	0	2	1	0	35421252143	35421252143	8	0	11	3	5	4	2	1	2	5	2	1	4	3	730.000	4230.000	4960.000	0	0	1	3	5	4	2	1	2	5	2	1	4	3	2	2	2	2	2	2	2	2	2	2	2	735.000	1125.000	1645.000	1985.000	2340.000	2635.000	2905.000	3225.000	3655.000	3870.000	4740.000	3500.000	2940.000	0	-1	8180	-1	-1	1	0	0	
3	25	3	0	2	1	0	35421252143	35421252143	8	0	3	3	5	4	2	1	2	5	2	1	4	3	815.000	3415.000	4230.000	0	0	1	3	5	4	2	1	2	5	2	1	4	3	2	2	2	2	2	2	2	2	2	2	2	820.000	1145.000	1460.000	1760.000	2080.000	2395.000	2720.000	3020.000	3390.000	3730.000	4050.000	3500.000	2940.000	0	-1	7450	-1	-1	1	0	0	
3	26	3	0	2	1	0	35421252143	35421252143	8	0	3	3	5	4	2	1	2	5	2	1	4	3	710.000	3970.000	4680.000	0	0	1	3	5	4	2	1	2	5	2	1	4	3	2	2	2	2	2	2	2	2	2	2	2	715.000	1050.000	1395.000	1710.000	2000.000	2330.000	2770.000	3150.000	3650.000	4035.000	4465.000	3500.000	2940.000	0	-1	7900	-1	-1	1	0	0	
3	27	3	0	2	1	0	13524232514	13524232514	8	0	3	1	3	5	2	4	2	3	2	5	1	4	525.000	4135.000	4660.000	1	0	0	1	3	5	2	4	2	3	2	4	5	3	2	2	2	2	2	2	2	2	2	2	2	530.000	860.000	1060.000	1400.000	1675.000	2025.000	2355.000	2640.000	3025.000	3590.000	4540.000	3500.000	2940.000	0	-1	7880	-1	-1	1	0	0	
3	28	3	0	2	1	0	35421252143	35421252143	8	0	4	3	5	4	2	1	2	5	2	1	4	3	1300.000	4225.000	5525.000	0	0	1	3	5	4	2	1	2	5	2	1	4	3	2	2	2	2	2	2	2	2	2	2	2	1305.000	1555.000	1895.000	2225.000	2585.000	2925.000	3205.000	3495.000	4655.000	5130.000	5405.000	3500.000	2940.000	0	-1	8745	-1	-1	1	0	0	
3	29	3	0	2	1	0	13524232514	13524232514	8	0	4	1	3	5	2	4	2	3	2	5	1	4	625.000	6270.000	6895.000	1	0	0	1	5	5	2	2	2	3	2	5	1	4	2	2	2	2	2	2	2	2	2	2	2	630.000	1210.000	1800.000	2260.000	2860.000	4090.000	4380.000	4885.000	5280.000	5645.000	6655.000	3500.000	2940.000	0	-1	10115	-1	-1	1	0	0	
3	30	3	0	2	1	0	35421252143	35421252143	8	0	2	3	5	4	2	1	2	5	2	1	4	3	875.000	4245.000	5120.000	0	0	1	3	5	4	2	1	2	5	2	1	4	3	2	2	2	2	2	2	2	2	2	2	2	880.000	1245.000	1630.000	2015.000	2440.000	2845.000	3255.000	3690.000	4120.000	4580.000	4930.000	3500.000	2940.000	0	-1	8340	-1	-1	1	0	0	
3	31	3	0	2	1	0	13524232514	13524232514	8	0	3	1	3	5	2	4	2	3	2	5	1	4	610.000	4165.000	4775.000	0	0	1	1	3	5	2	4	2	3	2	5	1	4	2	2	2	2	2	2	2	2	2	2	2	615.000	970.000	1325.000	1735.000	2155.000	2560.000	2985.000	3370.000	3815.000	4215.000	4620.000	3500.000	2940.000	0	-1	7995	-1	-1	1	0	0	
3	32	3	0	2	1	0	13524232514	13524232514	8	0	4	1	3	5	2	4	2	3	2	5	1	4	765.000	7075.000	7840.000	0	0	1	1	3	5	2	4	2	3	2	5	1	4	2	2	2	2	2	2	2	2	2	2	2	770.000	1125.000	1495.000	2265.000	3205.000	3685.000	4165.000	4675.000	5175.000	6420.000	7515.000	3500.000	2940.000	0	-1	11060	-1	-1	1	0	0	
4	1	3	0	2	1	0	13524232514	13524232514	6	0	4	1	3	5	2	4	2	3	2	5	1	4	820.000	4095.000	4915.000	0	0	1	1	3	5	2	4	2	3	2	5	1	4	2	2	2	2	2	2	2	2	2	2	2	825.000	1175.000	2190.000	2765.000	3100.000	3395.000	3665.000	3950.000	4210.000	4485.000	4745.000	3500.000	2940.000	0	-1	8135	-1	-1	1	0	0	
4	2	3	0	2	1	0	35421252143	35421252143	6	0	2	3	5	4	2	1	2	5	2	1	4	3	2735.000	3875.000	6610.000	0	0	1	3	5	4	2	1	2	5	2	1	4	3	2	2	2	2	2	2	2	2	2	2	2	2740.000	3060.000	3475.000	3795.000	4105.000	4405.000	4755.000	5395.000	5790.000	6120.000	6410.000	3500.000	2940.000	0	-1	9830	-1	-1	1	0	0	
4	3	3	0	2	1	0	35421252143	35421252143	6	0	11	3	5	4	2	1	2	5	2	1	4	3	820.000	3190.000	4010.000	1	0	0	3	5	4	2	1	2	5	2	1	4	2	2	2	2	2	2	2	2	2	2	2	2	825.000	1115.000	1440.000	1725.000	2045.000	2375.000	2620.000	2945.000	3305.000	3575.000	3860.000	3500.000	2940.000	0	-1	7230	-1	-1	1	0	0	
4	4	3	0	2	1	0	35421252143	35421252143	6	0	3	3	5	4	2	1	2	5	2	1	4	3	735.000	3295.000	4030.000	0	0	1	3	5	4	2	1	2	5	2	1	4	3	2	2	2	2	2	2	2	2	2	2	2	740.000	1025.000	1340.000	1640.000	1930.000	2250.000	2510.000	2805.000	3235.000	3560.000	3890.000	3500.000	2940.000	0	-1	7250	-1	-1	1	0	0	
4	5	3	0	2	1	0	13524232514	13524232514	6	0	4	1	3	5	2	4	2	3	2	5	1	4	600.000	2695.000	3295.000	0	0	2	1	3	5	2	4	2	3	2	5	1	4	2	2	2	2	2	2	2	2	2	2	2	605.000	890.000	1140.000	1440.000	1720.000	1965.000	2225.000	2470.000	2725.000	2975.000	3155.000	3500.000	2940.000	0	-1	6515	-1	-1	1	0	0	
4	6	3	0	2	1	0	13524232514	13524232514	6	0	3	1	3	5	2	4	2	3	2	5	1	4	620.000	4200.000	4820.000	1	0	0	1	3	5	2	4	2	2	2	4	5	1	2	2	2	2	2	2	2	2	2	2	2	625.000	855.000	1015.000	1305.000	1525.000	1735.000	2260.000	3285.000	3740.000	4015.000	4570.000	3500.000	2940.000	0	-1	8110	-1	-1	1	0	0	
4	7	3	0	2	1	0	13524232514	13524232514	6	0	2	1	3	5	2	4	2	3	2	5	1	4	655.000	2800.000	3455.000	0	0	2	1	3	5	2	4	2	3	2	5	1	4	2	2	2	2	2	2	2	2	2	2	2	660.000	920.000	1140.000	1415.000	1670.000	1945.000	2255.000	2500.000	2810.000	3085.000	3280.000	3500.000	2940.000	0	-1	6675	-1	-1	1	0	0	
4	8	3	0	2	1	0	35421252143	35421252143	6	0	11	3	5	4	2	1	2	5	2	1	4	3	910.000	3610.000	4520.000	0	0	1	3	5	4	2	1	2	5	2	1	4	3	2	2	2	2	2	2	2	2	2	2	2	915.000	1160.000	1500.000	1800.000	2065.000	2345.000	2705.000	2995.000	3455.000	4035.000	4340.000	3500.000	2940.000	0	-1	7740	-1	-1	1	0	0	
4	9	3	0	2	1	0	35421252143	35421252143	6	0	3	3	5	4	2	1	2	5	2	1	4	3	695.000	3465.000	4160.000	0	0	1	3	5	4	2	1	2	5	2	1	4	3	2	2	2	2	2	2	2	2	2	2	2	700.000	925.000	1260.000	1820.000	2205.000	2500.000	2780.000	3305.000	3570.000	3825.000	4035.000	3500.000	2940.000	0	-1	7380	-1	-1	1	0	0	
4	10	3	0	2	1	0	13524232514	13524232514	6	0	2	1	3	5	2	4	2	3	2	5	1	4	715.000	2795.000	3510.000	0	0	1	1	3	5	2	4	2	3	2	5	1	4	2	2	2	2	2	2	2	2	2	2	2	720.000	965.000	1165.000	1440.000	1705.000	1955.000	2255.000	2535.000	2820.000	3110.000	3375.000	3500.000	2940.000	0	-1	6730	-1	-1	1	0	0	
4	11	3	0	2	1	0	13524232514	13524232514	6	0	3	1	3	5	2	4	2	3	2	5	1	4	695.000	2930.000	3625.000	0	0	1	1	3	5	2	4	2	3	2	5	1	4	2	2	2	2	2	2	2	2	2	2	2	700.000	975.000	1220.000	1505.000	1790.000	2055.000	2325.000	2575.000	2885.000	3205.000	3455.000	3500.000	2940.000	0	-1	6845	-1	-1	1	0	0	
4	12	3	0	2	1	0	35421252143	35421252143	6	0	11	3	5	4	2	1	2	5	2	1	4	3	745.000	4005.000	4750.000	0	0	1	3	5	4	2	1	2	5	2	1	4	3	2	2	2	2	2	2	2	2	2	2	2	750.000	1005.000	1500.000	1880.000	2230.000	2565.000	3115.000	3660.000	3965.000	4295.000	4575.000	3500.000	2940.000	0	-1	7970	-1	-1	1	0	0	
4	13	3	0	2	1	0	35421252143	35421252143	6	0	2	3	5	4	2	1	2	5	2	1	4	3	655.000	3555.000	4210.000	0	0	1	3	5	4	2	1	2	5	2	1	4	3	2	2	2	2	2	2	2	2	2	2	2	660.000	925.000	1240.000	1485.000	1790.000	2100.000	2585.000	2995.000	3340.000	3755.000	4040.000	3500.000	2940.000	0	-1	7430	-1	-1	1	0	0	
4	14	3	0	2	1	0	35421252143	35421252143	6	0	4	3	5	4	2	1	2	5	2	1	4	3	615.000	3010.000	3625.000	0	0	1	3	5	4	2	1	2	5	2	1	4	3	2	2	2	2	2	2	2	2	2	2	2	620.000	890.000	1205.000	1455.000	1745.000	2050.000	2335.000	2660.000	2925.000	3220.000	3485.000	3500.000	2940.000	0	-1	6845	-1	-1	1	0	0	
4	15	3	0	2	1	0	35421252143	35421252143	6	0	3	3	5	4	2	1	2	5	2	1	4	3	665.000	3050.000	3715.000	0	0	1	3	5	4	2	1	2	5	2	1	4	3	2	2	2	2	2	2	2	2	2	2	2	670.000	950.000	1240.000	1535.000	1810.000	2115.000	2355.000	2640.000	2990.000	3270.000	3580.000	3500.000	2940.000	0	-1	6935	-1	-1	1	0	0	
4	16	3	0	2	1	0	35421252143	35421252143	6	0	4	3	5	4	2	1	2	5	2	1	4	3	695.000	3085.000	3780.000	0	0	1	3	5	4	2	1	2	5	2	1	4	3	2	2	2	2	2	2	2	2	2	2	2	700.000	990.000	1290.000	1605.000	1875.000	2185.000	2475.000	2750.000	3070.000	3370.000	3670.000	3500.000	2940.000	0	-1	7000	-1	-1	1	0	0	
4	17	3	0	2	1	0	35421252143	35421252143	6	0	2	3	5	4	2	1	2	5	2	1	4	3	620.000	2965.000	3585.000	0	0	1	3	5	4	2	1	2	5	2	1	4	3	2	2	2	2	2	2	2	2	2	2	2	625.000	915.000	1190.000	1435.000	1735.000	2025.000	2305.000	2610.000	2915.000	3215.000	3470.000	3500.000	2940.000	0	-1	6805	-1	-1	1	0	0	
4	18	3	0	2	1	0	13524232514	13524232514	6	0	11	1	3	5	2	4	2	3	2	5	1	4	695.000	3120.000	3815.000	0	0	1	1	3	5	2	4	2	3	2	5	1	4	2	2	2	2	2	2	2	2	2	2	2	700.000	1125.000	1410.000	1685.000	1960.000	2245.000	2560.000	2860.000	3160.000	3480.000	3665.000	3500.000	2940.000	0	-1	7035	-1	-1	1	0	0	
4	19	3	0	2	1	0	13524232514	13524232514	6	0	4	1	3	5	2	4	2	3	2	5	1	4	515.000	2980.000	3495.000	0	0	2	1	3	5	2	4	2	3	2	5	1	4	2	2	2	2	2	2	2	2	2	2	2	520.000	790.000	1075.000	1345.000	1605.000	1840.000	2135.000	2425.000	2735.000	3080.000	3350.000	3500.000	2940.000	0	-1	6715	-1	-1	1	0	0	
4	20	3	0	2	1	0	13524232514	13524232514	6	0	11	1	3	5	2	4	2	3	2	5	1	4	630.000	2840.000	3470.000	0	0	2	1	3	5	2	4	2	3	2	5	1	4	2	2	2	2	2	2	2	2	2	2	2	635.000	885.000	1125.000	1400.000	1650.000	1910.000	2200.000	2485.000	2825.000	3100.000	3340.000	3500.000	2940.000	0	-1	6690	-1	-1	1	0	0	
4	21	3	0	2	1	0	13524232514	13524232514	6	0	11	1	3	5	2	4	2	3	2	5	1	4	565.000	2550.000	3115.000	0	0	2	1	3	5	2	4	2	3	2	5	1	4	2	2	2	2	2	2	2	2	2	2	2	570.000	820.000	1025.000	1310.000	1565.000	1840.000	2095.000	2305.000	2560.000	2800.000	2975.000	3500.000	2940.000	0	-1	6335	-1	-1	1	0	0	
4	22	3	0	2	1	0	13524232514	13524232514	6	0	2	1	3	5	2	4	2	3	2	5	1	4	565.000	2765.000	3330.000	0	0	2	1	3	5	2	4	2	3	2	5	1	4	2	2	2	2	2	2	2	2	2	2	2	570.000	915.000	1185.000	1485.000	1705.000	1940.000	2175.000	2470.000	2755.000	3000.000	3195.000	3500.000	2940.000	0	-1	6550	-1	-1	1	0	0	
4	23	3	0	2	1	0	35421252143	35421252143	6	0	3	3	5	4	2	1	2	5	2	1	4	3	815.000	3740.000	4555.000	0	0	1	3	5	4	2	1	2	5	2	1	4	3	2	2	2	2	2	2	2	2	2	2	2	820.000	1085.000	1680.000	1990.000	2305.000	2585.000	2895.000	3650.000	3935.000	4215.000	4405.000	3500.000	2940.000	0	-1	7775	-1	-1	1	0	0	
4	24	3	0	2	1	0	13524232514	13524232514	6	0	11	1	3	5	2	4	2	3	2	5	1	4	600.000	2735.000	3335.000	0	0	2	1	3	5	2	4	2	3	2	5	1	4	2	2	2	2	2	2	2	2	2	2	2	605.000	985.000	1220.000	1540.000	1755.000	2025.000	2270.000	2535.000	2760.000	3035.000	3205.000	3500.000	2940.000	0	-1	6555	-1	-1	1	0	0	
4	25	3	0	2	1	0	13524232514	13524232514	6	0	3	1	3	5	2	4	2	3	2	5	1	4	515.000	3255.000	3770.000	0	0	1	1	3	5	2	4	2	3	2	5	1	4	2	2	2	2	2	2	2	2	2	2	2	520.000	835.000	1195.000	1665.000	1930.000	2200.000	2500.000	2755.000	3085.000	3385.000	3630.000	3500.000	2940.000	0	-1	6990	-1	-1	1	0	0	
4	26	3	0	2	1	0	13524232514	13524232514	6	0	2	1	3	5	2	4	2	3	2	5	1	4	605.000	2750.000	3355.000	0	0	2	1	3	5	2	4	2	3	2	5	1	4	2	2	2	2	2	2	2	2	2	2	2	610.000	840.000	1065.000	1435.000	1680.000	1955.000	2195.000	2465.000	2740.000	3020.000	3220.000	3500.000	2940.000	0	-1	6575	-1	-1	1	0	0	
4	27	3	0	2	1	0	35421252143	35421252143	6	0	4	3	5	4	2	1	2	5	2	1	4	3	580.000	3360.000	3940.000	0	0	1	3	5	4	2	1	2	5	2	1	4	3	2	2	2	2	2	2	2	2	2	2	2	585.000	850.000	1185.000	1540.000	1830.000	2120.000	2395.000	2800.000	3165.000	3545.000	3810.000	3500.000	2940.000	0	-1	7160	-1	-1	1	0	0	
4	28	3	0	2	1	0	35421252143	35421252143	6	0	11	3	5	4	2	1	2	5	2	1	4	3	600.000	3650.000	4250.000	0	0	1	3	5	4	2	1	2	5	2	1	4	3	2	2	2	2	2	2	2	2	2	2	2	605.000	870.000	1255.000	1590.000	1860.000	2135.000	2405.000	2755.000	3025.000	3675.000	4060.000	3500.000	2940.000	0	-1	7470	-1	-1	1	0	0	
4	29	3	0	2	1	0	35421252143	35421252143	6	0	4	3	5	4	2	1	2	5	2	1	4	3	680.000	5430.000	6110.000	1	0	0	3	5	4	2	1	2	4	3	1	4	3	2	2	2	2	2	2	2	2	2	2	2	685.000	945.000	1250.000	1555.000	1835.000	2120.000	2595.000	3915.000	5255.000	5750.000	5945.000	3500.000	2940.000	0	-1	9330	-1	-1	1	0	0	
4	30	3	0	2	1	0	35421252143	35421252143	6	0	2	3	5	4	2	1	2	5	2	1	4	3	550.000	3015.000	3565.000	0	0	1	3	5	4	2	1	2	5	2	1	4	3	2	2	2	2	2	2	2	2	2	2	2	555.000	795.000	1045.000	1320.000	1565.000	1830.000	2140.000	2450.000	2950.000	3255.000	3435.000	3500.000	2940.000	0	-1	6785	-1	-1	1	0	0	
4	31	3	0	2	1	0	13524232514	13524232514	6	0	4	1	3	5	2	4	2	3	2	5	1	4	620.000	2665.000	3285.000	0	0	2	1	3	5	2	4	2	3	2	5	1	4	2	2	2	2	2	2	2	2	2	2	2	625.000	840.000	1010.000	1305.000	1500.000	1700.000	2155.000	2450.000	2715.000	2980.000	3155.000	3500.000	2940.000	0	-1	6505	-1	-1	1	0	0	
4	32	3	0	2	1	0	13524232514	13524232514	6	0	3	1	3	5	2	4	2	3	2	5	1	4	490.000	3285.000	3775.000	1	0	0	1	3	5	2	4	2	3	2	4	1	4	2	2	2	2	2	2	2	2	2	2	2	495.000	755.000	955.000	1235.000	1435.000	1675.000	1940.000	2170.000	2435.000	2675.000	3590.000	3500.000	2940.000	0	-1	6995	-1	-1	1	0	0	
5	1	3	0	2	1	0	35421252143	35421252143	8	0	2	3	5	4	2	1	2	5	2	1	4	3	835.000	3015.000	3850.000	0	0	1	3	5	4	2	1	2	5	2	1	4	3	2	2	2	2	2	2	2	2	2	2	2	840.000	1040.000	1375.000	1610.000	1900.000	2195.000	2505.000	2795.000	3110.000	3365.000	3725.000	3500.000	2940.000	0	-1	7070	-1	-1	1	0	0	
5	2	3	0	2	1	0	13524232514	13524232514	8	0	2	1	3	5	2	4	2	3	2	5	1	4	610.000	2315.000	2925.000	0	0	3	1	3	5	2	4	2	3	2	5	1	4	2	2	2	2	2	2	2	2	2	2	2	615.000	840.000	1000.000	1275.000	1490.000	1740.000	1970.000	2200.000	2415.000	2655.000	2800.000	3500.000	2940.000	0	-1	6145	-1	-1	1	0	0	
5	3	3	0	2	1	0	13524232514	13524232514	8	0	4	1	3	5	2	4	2	3	2	5	1	4	490.000	2815.000	3305.000	1	0	0	1	3	5	2	4	2	3	2	4	1	4	2	2	2	2	2	2	2	2	2	2	2	495.000	710.000	905.000	1170.000	1370.000	1585.000	1825.000	2050.000	2285.000	2915.000	3135.000	3500.000	2940.000	0	-1	6525	-1	-1	1	0	0	
5	4	3	0	2	1	0	35421252143	35421252143	8	0	4	3	5	4	2	1	2	5	2	1	4	3	680.000	2710.000	3390.000	0	0	2	3	5	4	2	1	2	5	2	1	4	3	2	2	2	2	2	2	2	2	2	2	2	685.000	900.000	1185.000	1455.000	1710.000	1965.000	2200.000	2470.000	2760.000	3025.000	3275.000	3500.000	2940.000	0	-1	6610	-1	-1	1	0	0	
5	5	3	0	2	1	0	13524232514	13524232514	8	0	2	1	3	5	2	4	2	3	2	5	1	4	545.000	3425.000	3970.000	1	0	0	1	3	5	2	4	2	3	2	5	4	1	2	2	2	2	2	2	2	2	2	2	2	550.000	850.000	1075.000	1370.000	1620.000	1855.000	2125.000	2350.000	2630.000	3070.000	3565.000	3500.000	2940.000	0	-1	7190	-1	-1	1	0	0	
5	6	3	0	2	1	0	35421252143	35421252143	8	0	4	3	5	4	2	1	2	5	2	1	4	3	610.000	2715.000	3325.000	0	0	2	3	5	4	2	1	2	5	2	1	4	3	2	2	2	2	2	2	2	2	2	2	2	615.000	855.000	1130.000	1385.000	1650.000	1925.000	2175.000	2440.000	2705.000	2950.000	3195.000	3500.000	2940.000	0	-1	6545	-1	-1	1	0	0	
5	7	3	0	2	1	0	13524232514	13524232514	8	0	2	1	3	5	2	4	2	3	2	5	1	4	585.000	2375.000	2960.000	0	0	2	1	3	5	2	4	2	3	2	5	1	4	2	2	2	2	2	2	2	2	2	2	2	590.000	820.000	1015.000	1270.000	1470.000	1705.000	1980.000	2200.000	2410.000	2670.000	2835.000	3500.000	2940.000	0	-1	6180	-1	-1	1	0	0	
5	8	3	0	2	1	0	35421252143	35421252143	8	0	3	3	5	4	2	1	2	5	2	1	4	3	720.000	3270.000	3990.000	0	0	1	3	5	4	2	1	2	5	2	1	4	3	2	2	2	2	2	2	2	2	2	2	2	725.000	950.000	1485.000	1860.000	2180.000	2490.000	2790.000	3030.000	3335.000	3600.000	3855.000	3500.000	2940.000	0	-1	7210	-1	-1	1	0	0	
5	9	3	0	2	1	0	35421252143	35421252143	8	0	3	3	5	4	2	1	2	5	2	1	4	3	590.000	2915.000	3505.000	0	0	1	3	5	4	2	1	2	5	2	1	4	3	2	2	2	2	2	2	2	2	2	2	2	595.000	835.000	1085.000	1345.000	1585.000	1840.000	2195.000	2700.000	2970.000	3170.000	3330.000	3500.000	2940.000	0	-1	6725	-1	-1	1	0	0	
5	10	3	0	2	1	0	13524232514	13524232514	8	0	3	1	3	5	2	4	2	3	2	5	1	4	540.000	3585.000	4125.000	1	0	0	1	3	5	2	4	2	2	5	5	1	4	2	2	2	2	2	2	2	2	2	2	2	545.000	755.000	945.000	1190.000	1435.000	1675.000	2135.000	2390.000	3275.000	3640.000	3855.000	3500.000	2940.000	0	-1	7345	-1	-1	1	0	0	
5	11	3	0	2	1	0	35421252143	35421252143	8	0	4	3	5	4	2	1	2	5	2	1	4	3	885.000	3025.000	3910.000	0	0	1	3	5	4	2	1	2	5	2	1	4	3	2	2	2	2	2	2	2	2	2	2	2	890.000	1175.000	1545.000	1860.000	2145.000	2390.000	2690.000	3000.000	3290.000	3555.000	3770.000	3500.000	2940.000	0	-1	7130	-1	-1	1	0	0	
5	12	3	0	2	1	0	35421252143	35421252143	8	0	3	3	5	4	2	1	2	5	2	1	4	3	875.000	2745.000	3620.000	0	0	1	3	5	4	2	1	2	5	2	1	4	3	2	2	2	2	2	2	2	2	2	2	2	880.000	1120.000	1420.000	1655.000	1920.000	2185.000	2415.000	2675.000	2985.000	3260.000	3510.000	3500.000	2940.000	0	-1	6840	-1	-1	1	0	0	
5	13	3	0	2	1	0	35421252143	35421252143	8	0	11	3	5	4	2	1	2	5	2	1	4	3	700.000	3190.000	3890.000	0	0	1	3	5	4	2	1	2	5	2	1	4	3	2	2	2	2	2	2	2	2	2	2	2	705.000	930.000	1245.000	1455.000	1765.000	2050.000	2510.000	2980.000	3290.000	3545.000	3695.000	3500.000	2940.000	0	-1	7110	-1	-1	1	0	0	
5	14	3	0	2	1	0	35421252143	35421252143	8	0	11	3	5	4	2	1	2	5	2	1	4	3	670.000	3620.000	4290.000	1	0	0	3	5	2	2	1	2	5	2	1	4	3	2	2	2	2	2	2	2	2	2	2	2	675.000	890.000	1410.000	2150.000	2545.000	2785.000	3045.000	3280.000	3625.000	3930.000	4165.000	3500.000	2940.000	0	-1	7510	-1	-1	1	0	0	
5	15	3	0	2	1	0	13524232514	13524232514	8	0	3	1	3	5	2	4	2	3	2	5	1	4	555.000	3215.000	3770.000	0	0	1	1	3	5	2	4	2	3	2	5	1	4	2	2	2	2	2	2	2	2	2	2	2	560.000	795.000	1000.000	1240.000	1475.000	1725.000	1980.000	2235.000	2480.000	3300.000	3615.000	3500.000	2940.000	0	-1	6990	-1	-1	1	0	0	
5	16	3	0	2	1	0	13524232514	13524232514	8	0	4	1	3	5	2	4	2	3	2	5	1	4	600.000	2590.000	3190.000	0	0	2	1	3	5	2	4	2	3	2	5	1	4	2	2	2	2	2	2	2	2	2	2	2	605.000	820.000	1000.000	1260.000	1505.000	1790.000	2085.000	2285.000	2595.000	2855.000	3040.000	3500.000	2940.000	0	-1	6410	-1	-1	1	0	0	
5	17	3	0	2	1	0	35421252143	35421252143	8	0	4	3	5	4	2	1	2	5	2	1	4	3	895.000	3150.000	4045.000	0	0	1	3	5	4	2	1	2	5	2	1	4	3	2	2	2	2	2	2	2	2	2	2	2	900.000	1140.000	1610.000	1925.000	2240.000	2505.000	2790.000	3110.000	3460.000	3705.000	3940.000	3500.000	2940.000	0	-1	7265	-1	-1	1	0	0	
5	18	3	0	2	1	0	13524232514	13524232514	8	0	11	1	3	5	2	4	2	3	2	5	1	4	695.000	2915.000	3610.000	0	0	1	1	3	5	2	4	2	3	2	5	1	4	2	2	2	2	2	2	2	2	2	2	2	700.000	990.000	1410.000	1790.000	2025.000	2255.000	2535.000	2775.000	3045.000	3340.000	3480.000	3500.000	2940.000	0	-1	6830	-1	-1	1	0	0	
5	19	3	0	2	1	0	13524232514	13524232514	8	0	11	1	3	5	2	4	2	3	2	5	1	4	500.000	4510.000	5010.000	1	0	0	1	3	5	2	2	2	4	2	4	5	1	2	2	2	2	2	2	2	2	2	2	2	505.000	755.000	870.000	1175.000	1670.000	2060.000	2810.000	3560.000	3970.000	4355.000	4755.000	3500.000	2940.000	0	-1	8230	-1	-1	1	0	0	
5	20	3	0	2	1	0	13524232514	13524232514	8	0	4	1	3	5	2	4	2	3	2	5	1	4	615.000	2960.000	3575.000	0	0	1	1	3	5	2	4	2	3	2	5	1	4	2	2	2	2	2	2	2	2	2	2	2	620.000	880.000	1105.000	1585.000	1865.000	2170.000	2470.000	2750.000	3025.000	3305.000	3450.000	3500.000	2940.000	0	-1	6795	-1	-1	1	0	0	
5	21	3	0	2	1	0	35421252143	35421252143	8	0	2	3	5	4	2	1	2	5	2	1	4	3	700.000	3295.000	3995.000	0	0	1	3	5	4	2	1	2	5	2	1	4	3	2	2	2	2	2	2	2	2	2	2	2	705.000	950.000	1240.000	1525.000	1805.000	2080.000	2460.000	2805.000	3125.000	3540.000	3845.000	3500.000	2940.000	0	-1	7215	-1	-1	1	0	0	
5	22	3	0	2	1	0	35421252143	35421252143	8	0	11	3	5	4	2	1	2	5	2	1	4	3	730.000	4595.000	5325.000	1	0	0	3	5	4	2	2	5	5	2	1	5	4	2	2	2	2	2	2	2	2	2	2	2	735.000	990.000	1305.000	1550.000	2135.000	2385.000	3235.000	3805.000	4240.000	4870.000	5045.000	3500.000	2940.000	0	-1	8545	-1	-1	1	0	0	
5	23	3	0	2	1	0	35421252143	35421252143	8	0	3	3	5	4	2	1	2	5	2	1	4	3	785.000	5935.000	6720.000	1	0	0	3	5	4	2	1	2	5	2	1	5	4	2	2	2	2	2	2	2	2	2	2	2	790.000	1150.000	2035.000	2685.000	3200.000	3770.000	4250.000	4790.000	5240.000	5730.000	6365.000	3500.000	2940.000	0	-1	9940	-1	-1	1	0	0	
5	24	3	0	2	1	0	35421252143	35421252143	8	0	11	3	5	4	2	1	2	5	2	1	4	3	1020.000	7445.000	8465.000	1	0	0	4	5	4	3	2	2	5	2	1	4	3	2	2	2	2	2	2	2	2	2	2	2	1025.000	1760.000	2555.000	3355.000	3625.000	5250.000	5825.000	6465.000	7110.000	7710.000	8185.000	3500.000	2940.000	0	-1	11685	-1	-1	1	0	0	
5	25	3	0	2	1	0	13524232514	13524232514	8	0	2	1	3	5	2	4	2	3	2	5	1	4	620.000	4735.000	5355.000	0	0	1	1	3	5	2	4	2	3	2	5	1	4	2	2	2	2	2	2	2	2	2	2	2	625.000	1050.000	1445.000	1835.000	2210.000	2570.000	3055.000	3505.000	3940.000	4535.000	5085.000	3500.000	2940.000	0	-1	8575	-1	-1	1	0	0	
5	26	3	0	2	1	0	13524232514	13524232514	8	0	11	1	3	5	2	4	2	3	2	5	1	4	585.000	4380.000	4965.000	0	0	1	1	3	5	2	4	2	3	2	5	1	4	2	2	2	2	2	2	2	2	2	2	2	590.000	1045.000	1395.000	2405.000	2845.000	3230.000	3590.000	3910.000	4220.000	4600.000	4850.000	3500.000	2940.000	0	-1	8185	-1	-1	1	0	0	
5	27	3	0	2	1	0	35421252143	35421252143	8	0	2	3	5	4	2	1	2	5	2	1	4	3	750.000	4070.000	4820.000	1	0	0	3	5	4	2	1	2	5	2	1	4	2	2	2	2	2	2	2	2	2	2	2	2	755.000	1125.000	1495.000	1910.000	2405.000	2815.000	3155.000	3505.000	3885.000	4275.000	4605.000	3500.000	2940.000	0	-1	8040	-1	-1	1	0	0	
5	28	3	0	2	1	0	13524232514	13524232514	8	0	4	1	3	5	2	4	2	3	2	5	1	4	690.000	3680.000	4370.000	0	0	1	1	3	5	2	4	2	3	2	5	1	4	2	2	2	2	2	2	2	2	2	2	2	695.000	1110.000	1510.000	1910.000	2220.000	2575.000	2955.000	3285.000	3670.000	3970.000	4225.000	3500.000	2940.000	0	-1	7590	-1	-1	1	0	0	
5	29	3	0	2	1	0	13524232514	13524232514	8	0	3	1	3	5	2	4	2	3	2	5	1	4	620.000	3120.000	3740.000	0	0	1	1	3	5	2	4	2	3	2	5	1	4	2	2	2	2	2	2	2	2	2	2	2	625.000	1060.000	1345.000	1725.000	1980.000	2250.000	2535.000	2795.000	3125.000	3410.000	3610.000	3500.000	2940.000	0	-1	6960	-1	-1	1	0	0	
5	30	3	0	2	1	0	13524232514	13524232514	8	0	3	1	3	5	2	4	2	3	2	5	1	4	495.000	3555.000	4050.000	0	0	1	1	3	5	2	4	2	3	2	5	1	4	2	2	2	2	2	2	2	2	2	2	2	500.000	800.000	1075.000	1345.000	1665.000	1875.000	2695.000	3020.000	3375.000	3650.000	3905.000	3500.000	2940.000	0	-1	7270	-1	-1	1	0	0	
5	31	3	0	2	1	0	13524232514	13524232514	8	0	11	1	3	5	2	4	2	3	2	5	1	4	655.000	2370.000	3025.000	0	0	2	1	3	5	2	4	2	3	2	5	1	4	2	2	2	2	2	2	2	2	2	2	2	660.000	880.000	1090.000	1355.000	1575.000	1790.000	2060.000	2260.000	2515.000	2735.000	2905.000	3500.000	2940.000	0	-1	6245	-1	-1	1	0	0	
5	32	3	0	2	1	0	35421252143	35421252143	8	0	2	3	5	4	2	1	2	5	2	1	4	3	620.000	3290.000	3910.000	0	0	1	3	5	4	2	1	2	5	2	1	4	3	2	2	2	2	2	2	2	2	2	2	2	625.000	870.000	1155.000	1575.000	1870.000	2130.000	2395.000	2655.000	3090.000	3480.000	3790.000	3500.000	2940.000	0	-1	7130	-1	-1	1	0	0	
6	1	3	0	2	1	0	35421252143	35421252143	6	0	4	3	5	4	2	1	2	5	2	1	4	3	920.000	2795.000	3715.000	0	0	1	3	5	4	2	1	2	5	2	1	4	3	2	2	2	2	2	2	2	2	2	2	2	925.000	1185.000	1500.000	1745.000	2035.000	2305.000	2525.000	2850.000	3110.000	3345.000	3575.000	3500.000	2940.000	0	-1	6935	-1	-1	1	0	0	
6	2	3	0	2	1	0	13524232514	13524232514	6	0	4	1	3	5	2	4	2	3	2	5	1	4	705.000	2620.000	3325.000	0	0	2	1	3	5	2	4	2	3	2	5	1	4	2	2	2	2	2	2	2	2	2	2	2	710.000	940.000	1300.000	1700.000	1930.000	2180.000	2405.000	2635.000	2835.000	3045.000	3150.000	3500.000	2940.000	0	-1	6545	-1	-1	1	0	0	
6	3	3	0	2	1	0	35421252143	35421252143	6	0	11	3	5	4	2	1	2	5	2	1	4	3	650.000	2580.000	3230.000	0	0	2	3	5	4	2	1	2	5	2	1	4	3	2	2	2	2	2	2	2	2	2	2	2	655.000	875.000	1155.000	1435.000	1665.000	1890.000	2125.000	2380.000	2630.000	2870.000	3085.000	3500.000	2940.000	0	-1	6450	-1	-1	1	0	0	
6	4	3	0	2	1	0	35421252143	35421252143	6	0	4	3	5	4	2	1	2	5	2	1	4	3	625.000	2640.000	3265.000	0	0	2	3	5	4	2	1	2	5	2	1	4	3	2	2	2	2	2	2	2	2	2	2	2	630.000	835.000	1105.000	1420.000	1655.000	1865.000	2100.000	2430.000	2695.000	2925.000	3135.000	3500.000	2940.000	0	-1	6485	-1	-1	1	0	0	
6	5	3	0	2	1	0	13524232514	13524232514	6	0	2	1	3	5	2	4	2	3	2	5	1	4	630.000	2395.000	3025.000	0	0	2	1	3	5	2	4	2	3	2	5	1	4	2	2	2	2	2	2	2	2	2	2	2	635.000	875.000	1070.000	1325.000	1530.000	1745.000	2005.000	2250.000	2490.000	2745.000	2890.000	3500.000	2940.000	0	-1	6245	-1	-1	1	0	0	
6	6	3	0	2	1	0	13524232514	13524232514	6	0	4	1	3	5	2	4	2	3	2	5	1	4	495.000	3235.000	3730.000	1	0	0	1	3	5	2	4	2	3	2	5	4	1	2	2	2	2	2	2	2	2	2	2	2	500.000	740.000	970.000	1210.000	1435.000	1660.000	1925.000	2145.000	2385.000	2780.000	3510.000	3500.000	2940.000	0	-1	7025	-1	-1	1	0	0	
6	7	3	0	2	1	0	13524232514	13524232514	6	0	11	1	3	5	2	4	2	3	2	5	1	4	545.000	2775.000	3320.000	0	0	2	1	3	5	2	4	2	3	2	5	1	4	2	2	2	2	2	2	2	2	2	2	2	550.000	780.000	1005.000	1285.000	1490.000	1760.000	2040.000	2295.000	2560.000	2880.000	3130.000	3500.000	2940.000	0	-1	6540	-1	-1	1	0	0	
6	8	3	0	2	1	0	35421252143	35421252143	6	0	3	3	5	4	2	1	2	5	2	1	4	3	615.000	2870.000	3485.000	0	0	2	3	5	4	2	1	2	5	2	1	4	3	2	2	2	2	2	2	2	2	2	2	2	620.000	870.000	1100.000	1350.000	1640.000	1885.000	2220.000	2505.000	2900.000	3140.000	3360.000	3500.000	2940.000	0	-1	6705	-1	-1	1	0	0	
6	9	3	0	2	1	0	35421252143	35421252143	6	0	3	3	5	4	2	1	2	5	2	1	4	3	585.000	3525.000	4110.000	1	0	0	3	5	4	2	1	2	5	2	3	1	4	2	2	2	2	2	2	2	2	2	2	2	590.000	815.000	1040.000	1260.000	1485.000	1715.000	1960.000	2185.000	2915.000	3570.000	3905.000	3500.000	2940.000	0	-1	7330	-1	-1	1	0	0	
6	10	3	0	2	1	0	35421252143	35421252143	6	0	2	3	5	4	2	1	2	5	2	1	4	3	620.000	3070.000	3690.000	0	0	1	3	5	4	2	1	2	5	2	1	4	3	2	2	2	2	2	2	2	2	2	2	2	625.000	860.000	1220.000	1500.000	1810.000	2070.000	2395.000	2715.000	3040.000	3305.000	3570.000	3500.000	2940.000	0	-1	6910	-1	-1	1	0	0	
6	11	3	0	2	1	0	35421252143	35421252143	6	0	3	3	5	4	2	1	2	5	2	1	4	3	530.000	4315.000	4845.000	1	0	0	3	5	2	2	1	2	5	2	1	4	3	2	2	2	2	2	2	2	2	2	2	2	535.000	770.000	1275.000	2050.000	2395.000	2760.000	3090.000	3365.000	3765.000	4300.000	4660.000	3500.000	2940.000	0	-1	8065	-1	-1	1	0	0	
6	12	3	0	2	1	0	35421252143	35421252143	6	0	11	3	5	4	2	1	2	5	2	1	4	3	630.000	3505.000	4135.000	0	0	1	3	5	4	2	1	2	5	2	1	4	3	2	2	2	2	2	2	2	2	2	2	2	635.000	875.000	1200.000	1485.000	1775.000	2075.000	2500.000	3080.000	3440.000	3700.000	3965.000	3500.000	2940.000	0	-1	7355	-1	-1	1	0	0	
6	13	3	0	2	1	0	35421252143	35421252143	6	0	11	3	5	4	2	1	2	5	2	1	4	3	715.000	3005.000	3720.000	0	0	1	3	5	4	2	1	2	5	2	1	4	3	2	2	2	2	2	2	2	2	2	2	2	720.000	955.000	1280.000	1550.000	1870.000	2125.000	2430.000	2760.000	3140.000	3390.000	3550.000	3500.000	2940.000	0	-1	6940	-1	-1	1	0	0	
6	14	3	0	2	1	0	35421252143	35421252143	6	0	2	3	5	4	2	1	2	5	2	1	4	3	640.000	2885.000	3525.000	0	0	1	3	5	4	2	1	2	5	2	1	4	3	2	2	2	2	2	2	2	2	2	2	2	645.000	880.000	1110.000	1485.000	1740.000	1955.000	2295.000	2600.000	2955.000	3205.000	3405.000	3500.000	2940.000	0	-1	6745	-1	-1	1	0	0	
6	15	3	0	2	1	0	13524232514	13524232514	6	0	4	1	3	5	2	4	2	3	2	5	1	4	590.000	3630.000	4220.000	1	0	0	1	3	5	4	4	2	3	2	5	1	4	2	2	2	2	2	2	2	2	2	2	2	595.000	825.000	1050.000	1465.000	2275.000	2650.000	3065.000	3390.000	3670.000	3930.000	4065.000	3500.000	2940.000	0	-1	7440	-1	-1	1	0	0	
6	16	3	0	2	1	0	13524232514	13524232514	6	0	3	1	3	5	2	4	2	3	2	5	1	4	500.000	2370.000	2870.000	0	0	3	1	3	5	2	4	2	3	2	5	1	4	2	2	2	2	2	2	2	2	2	2	2	505.000	710.000	920.000	1170.000	1355.000	1555.000	1805.000	2070.000	2320.000	2575.000	2730.000	3500.000	2940.000	0	-1	6090	-1	-1	1	0	0	
6	17	3	0	2	1	0	13524232514	13524232514	6	0	2	1	3	5	2	4	2	3	2	5	1	4	475.000	2425.000	2900.000	0	0	3	1	3	5	2	4	2	3	2	5	1	4	2	2	2	2	2	2	2	2	2	2	2	480.000	805.000	1030.000	1315.000	1515.000	1745.000	1970.000	2225.000	2430.000	2675.000	2770.000	3500.000	2940.000	0	-1	6120	-1	-1	1	0	0	
6	18	3	0	2	1	0	35421252143	35421252143	6	0	11	3	5	4	2	1	2	5	2	1	4	3	570.000	2835.000	3405.000	0	0	2	3	5	4	2	1	2	5	2	1	4	3	2	2	2	2	2	2	2	2	2	2	2	575.000	800.000	1070.000	1415.000	1690.000	1910.000	2220.000	2520.000	2860.000	3080.000	3255.000	3500.000	2940.000	0	-1	6625	-1	-1	1	0	0	
6	19	3	0	2	1	0	13524232514	13524232514	6	0	2	1	3	5	2	4	2	3	2	5	1	4	465.000	2200.000	2665.000	0	0	3	1	3	5	2	4	2	3	2	5	1	4	2	2	2	2	2	2	2	2	2	2	2	470.000	685.000	850.000	1095.000	1300.000	1520.000	1750.000	1950.000	2145.000	2390.000	2530.000	3500.000	2940.000	0	-1	5885	-1	-1	1	0	0	
6	20	3	0	2	1	0	13524232514	13524232514	6	0	3	1	3	5	2	4	2	3	2	5	1	4	485.000	3480.000	3965.000	1	0	0	1	3	2	2	4	2	3	2	5	1	4	2	2	2	2	2	2	2	2	2	2	2	490.000	705.000	1175.000	2075.000	2355.000	2580.000	2840.000	3170.000	3435.000	3695.000	3815.000	3500.000	2940.000	0	-1	7185	-1	-1	1	0	0	
6	21	3	0	2	1	0	13524232514	13524232514	6	0	4	1	3	5	2	4	2	3	2	5	1	4	470.000	3215.000	3685.000	1	0	0	1	3	5	4	4	2	3	2	5	1	4	2	2	2	2	2	2	2	2	2	2	2	475.000	690.000	880.000	1325.000	1915.000	2230.000	2525.000	2800.000	3065.000	3320.000	3510.000	3500.000	2940.000	0	-1	6905	-1	-1	1	0	0	
6	22	3	0	2	1	0	13524232514	13524232514	6	0	3	1	3	5	2	4	2	3	2	5	1	4	460.000	2485.000	2945.000	0	0	2	1	3	5	2	4	2	3	2	5	1	4	2	2	2	2	2	2	2	2	2	2	2	465.000	705.000	910.000	1185.000	1415.000	1630.000	1845.000	2105.000	2390.000	2650.000	2815.000	3500.000	2940.000	0	-1	6165	-1	-1	1	0	0	
6	23	3	0	2	1	0	35421252143	35421252143	6	0	2	3	5	4	2	1	2	5	2	1	4	3	565.000	2945.000	3510.000	0	0	1	3	5	4	2	1	2	5	2	1	4	3	2	2	2	2	2	2	2	2	2	2	2	570.000	805.000	1085.000	1475.000	1780.000	2015.000	2270.000	2505.000	2785.000	3165.000	3380.000	3500.000	2940.000	0	-1	6730	-1	-1	1	0	0	
6	24	3	0	2	1	0	35421252143	35421252143	6	0	4	3	5	4	2	1	2	5	2	1	4	3	600.000	3320.000	3920.000	1	0	0	3	5	4	2	1	2	5	2	2	1	3	2	2	2	2	2	2	2	2	2	2	2	605.000	845.000	1110.000	1365.000	1635.000	1855.000	2075.000	2315.000	2540.000	2680.000	3585.000	3500.000	2940.000	0	-1	7140	-1	-1	1	0	0	
6	25	3	0	2	1	0	13524232514	13524232514	6	0	2	1	3	5	2	4	2	3	2	5	1	4	495.000	3270.000	3765.000	1	0	0	1	3	5	4	2	2	3	2	5	1	4	2	2	2	2	2	2	2	2	2	2	2	500.000	720.000	945.000	1355.000	1585.000	2305.000	2610.000	2885.000	3135.000	3405.000	3650.000	3500.000	2940.000	0	-1	6985	-1	-1	1	0	0	
6	26	3	0	2	1	0	35421252143	35421252143	6	0	3	3	5	4	2	1	2	5	2	1	4	3	545.000	2800.000	3345.000	0	0	2	3	5	4	2	1	2	5	2	1	4	3	2	2	2	2	2	2	2	2	2	2	2	550.000	780.000	1040.000	1275.000	1530.000	1800.000	2080.000	2320.000	2625.000	2930.000	3215.000	3500.000	2940.000	0	-1	6565	-1	-1	1	0	0	
6	27	3	0	2	1	0	35421252143	35421252143	6	0	4	3	5	4	2	1	2	5	2	1	4	3	615.000	4720.000	5335.000	1	0	0	3	5	3	4	2	2	5	2	1	4	3	2	2	2	2	2	2	2	2	2	2	2	620.000	880.000	1280.000	1610.000	2130.000	3205.000	3755.000	4300.000	4680.000	4965.000	5215.000	3500.000	2940.000	0	-1	8555	-1	-1	1	0	0	
6	28	3	0	2	1	0	13524232514	13524232514	6	0	3	1	3	5	2	4	2	3	2	5	1	4	650.000	6650.000	7300.000	1	0	0	1	2	3	5	4	2	3	2	5	1	4	2	2	2	2	2	2	2	2	2	2	2	655.000	930.000	1705.000	1995.000	4285.000	4700.000	5505.000	5870.000	6590.000	6885.000	7180.000	3500.000	2940.000	0	-1	10520	-1	-1	1	0	0	
6	29	3	0	2	1	0	13524232514	13524232514	6	0	11	1	3	5	2	4	2	3	2	5	1	4	535.000	2315.000	2850.000	0	0	3	1	3	5	2	4	2	3	2	5	1	4	2	2	2	2	2	2	2	2	2	2	2	540.000	800.000	1005.000	1235.000	1450.000	1690.000	1930.000	2130.000	2345.000	2595.000	2715.000	3500.000	2940.000	0	-1	6070	-1	-1	1	0	0	
6	30	3	0	2	1	0	13524232514	13524232514	6	0	11	1	3	5	2	4	2	3	2	5	1	4	540.000	2405.000	2945.000	0	0	2	1	3	5	2	4	2	3	2	5	1	4	2	2	2	2	2	2	2	2	2	2	2	545.000	755.000	960.000	1210.000	1400.000	1605.000	1830.000	2060.000	2380.000	2665.000	2800.000	3500.000	2940.000	0	-1	6165	-1	-1	1	0	0	
6	31	3	0	2	1	0	35421252143	35421252143	6	0	2	3	5	4	2	1	2	5	2	1	4	3	550.000	2820.000	3370.000	0	0	2	3	5	4	2	1	2	5	2	1	4	3	2	2	2	2	2	2	2	2	2	2	2	555.000	805.000	1055.000	1315.000	1585.000	1815.000	2050.000	2290.000	2575.000	2940.000	3220.000	3500.000	2940.000	0	-1	6590	-1	-1	1	0	0	
6	32	3	0	2	1	0	13524232514	13524232514	6	0	11	1	3	5	2	4	2	3	2	5	1	4	490.000	3790.000	4280.000	1	0	0	1	3	5	2	4	2	2	2	4	1	4	2	2	2	2	2	2	2	2	2	2	2	495.000	760.000	995.000	1230.000	1455.000	1670.000	2175.000	2895.000	3205.000	3925.000	4125.000	3500.000	2940.000	0	-1	7500	-1	-1	1	0	0	
7	1	3	0	2	1	0	35421252143	35421252143	4	0	3	3	5	4	2	1	2	5	2	1	4	3	1260.000	3180.000	4440.000	0	0	1	3	5	4	2	1	2	5	2	1	4	3	2	2	2	2	2	2	2	2	2	2	2	1265.000	1550.000	1935.000	2210.000	2470.000	2780.000	3120.000	3500.000	3840.000	4075.000	4325.000	3500.000	2940.000	0	-1	7660	-1	-1	1	0	0	
7	2	3	0	2	1	0	13524232514	13524232514	4	0	11	1	3	5	2	4	2	3	2	5	1	4	525.000	2280.000	2805.000	0	0	3	1	3	5	2	4	2	3	2	5	1	4	2	2	2	2	2	2	2	2	2	2	2	530.000	770.000	915.000	1185.000	1380.000	1605.000	1810.000	2030.000	2230.000	2520.000	2665.000	3500.000	2940.000	0	-1	6025	-1	-1	1	0	0	
7	3	3	0	2	1	0	13524232514	13524232514	4	0	2	1	3	5	2	4	2	3	2	5	1	4	625.000	2315.000	2940.000	0	0	2	1	3	5	2	4	2	3	2	5	1	4	2	2	2	2	2	2	2	2	2	2	2	630.000	850.000	1030.000	1285.000	1475.000	1690.000	1890.000	2080.000	2275.000	2635.000	2835.000	3500.000	2940.000	0	-1	6160	-1	-1	1	0	0	
7	4	3	0	2	1	0	13524232514	13524232514	4	0	4	1	3	5	2	4	2	3	2	5	1	4	565.000	2290.000	2855.000	0	0	3	1	3	5	2	4	2	3	2	5	1	4	2	2	2	2	2	2	2	2	2	2	2	570.000	795.000	985.000	1205.000	1405.000	1620.000	1825.000	2060.000	2295.000	2555.000	2720.000	3500.000	2940.000	0	-1	6075	-1	-1	1	0	0	
7	5	3	0	2	1	0	35421252143	35421252143	4	0	4	3	5	4	2	1	2	5	2	1	4	3	745.000	2785.000	3530.000	0	0	1	3	5	4	2	1	2	5	2	1	4	3	2	2	2	2	2	2	2	2	2	2	2	750.000	985.000	1255.000	1525.000	1765.000	2020.000	2280.000	2580.000	2865.000	3140.000	3405.000	3500.000	2940.000	0	-1	6750	-1	-1	1	0	0	
7	6	3	0	2	1	0	35421252143	35421252143	4	0	3	3	5	4	2	1	2	5	2	1	4	3	535.000	3830.000	4365.000	0	0	1	3	5	4	2	1	2	5	2	1	4	3	2	2	2	2	2	2	2	2	2	2	2	540.000	790.000	1095.000	1360.000	1690.000	1960.000	2350.000	3115.000	3650.000	3930.000	4205.000	3500.000	2940.000	0	-1	7585	-1	-1	1	0	0	
7	7	3	0	2	1	0	35421252143	35421252143	4	0	2	3	5	4	2	1	2	5	2	1	4	3	655.000	3955.000	4610.000	0	0	1	3	5	4	2	1	2	5	2	1	4	3	2	2	2	2	2	2	2	2	2	2	2	660.000	915.000	1295.000	1630.000	2055.000	2375.000	3180.000	3600.000	3950.000	4230.000	4475.000	3500.000	2940.000	0	-1	7830	-1	-1	1	0	0	
7	8	3	0	2	1	0	13524232514	13524232514	4	0	3	1	3	5	2	4	2	3	2	5	1	4	565.000	3420.000	3985.000	1	0	0	1	3	5	2	4	2	3	2	5	4	4	2	2	2	2	2	2	2	2	2	2	2	570.000	835.000	980.000	1255.000	1430.000	1670.000	1915.000	2115.000	2310.000	2685.000	3750.000	3500.000	2940.000	0	-1	7205	-1	-1	1	0	0	
7	9	3	0	2	1	0	13524232514	13524232514	4	0	4	1	3	5	2	4	2	3	2	5	1	4	515.000	3020.000	3535.000	1	0	0	1	3	5	2	4	2	3	2	5	4	4	2	2	2	2	2	2	2	2	2	2	2	520.000	750.000	955.000	1195.000	1430.000	1655.000	1865.000	2085.000	2295.000	2730.000	3275.000	3500.000	2940.000	0	-1	6755	-1	-1	1	0	0	
7	10	3	0	2	1	0	35421252143	35421252143	4	0	4	3	5	4	2	1	2	5	2	1	4	3	565.000	3050.000	3615.000	0	0	1	3	5	4	2	1	2	5	2	1	4	3	2	2	2	2	2	2	2	2	2	2	2	570.000	810.000	1125.000	1405.000	1765.000	2030.000	2335.000	2675.000	2975.000	3245.000	3445.000	3500.000	2940.000	0	-1	6835	-1	-1	1	0	0	
7	11	3	0	2	1	0	13524232514	13524232514	4	0	2	1	3	5	2	4	2	3	2	5	1	4	475.000	2745.000	3220.000	0	0	2	1	3	5	2	4	2	3	2	5	1	4	2	2	2	2	2	2	2	2	2	2	2	480.000	795.000	995.000	1295.000	1520.000	1760.000	2010.000	2245.000	2490.000	2815.000	3060.000	3500.000	2940.000	0	-1	6440	-1	-1	1	0	0	
7	12	3	0	2	1	0	35421252143	35421252143	4	0	2	3	5	4	2	1	2	5	2	1	4	3	655.000	2775.000	3430.000	0	0	2	3	5	4	2	1	2	5	2	1	4	3	2	2	2	2	2	2	2	2	2	2	2	660.000	905.000	1180.000	1480.000	1750.000	1970.000	2195.000	2505.000	2770.000	3055.000	3250.000	3500.000	2940.000	0	-1	6650	-1	-1	1	0	0	
7	13	3	0	2	1	0	35421252143	35421252143	4	0	3	3	5	4	2	1	2	5	2	1	4	3	495.000	3195.000	3690.000	0	0	1	3	5	4	2	1	2	5	2	1	4	3	2	2	2	2	2	2	2	2	2	2	2	500.000	755.000	1080.000	1550.000	1840.000	2070.000	2385.000	2755.000	3035.000	3265.000	3530.000	3500.000	2940.000	0	-1	6910	-1	-1	1	0	0	
7	14	3	0	2	1	0	35421252143	35421252143	4	0	11	3	5	4	2	1	2	5	2	1	4	3	580.000	2610.000	3190.000	0	0	2	3	5	4	2	1	2	5	2	1	4	3	2	2	2	2	2	2	2	2	2	2	2	585.000	815.000	1085.000	1335.000	1605.000	1835.000	2070.000	2340.000	2590.000	2820.000	3035.000	3500.000	2940.000	0	-1	6410	-1	-1	1	0	0	
7	15	3	0	2	1	0	13524232514	13524232514	4	0	11	1	3	5	2	4	2	3	2	5	1	4	640.000	2555.000	3195.000	0	0	2	1	3	5	2	4	2	3	2	5	1	4	2	2	2	2	2	2	2	2	2	2	2	645.000	955.000	1185.000	1435.000	1680.000	1925.000	2165.000	2385.000	2585.000	2875.000	3045.000	3500.000	2940.000	0	-1	6415	-1	-1	1	0	0	
7	16	3	0	2	1	0	13524232514	13524232514	4	0	3	1	3	5	2	4	2	3	2	5	1	4	600.000	3165.000	3765.000	1	0	0	1	3	5	2	4	2	3	2	5	4	4	2	2	2	2	2	2	2	2	2	2	2	605.000	850.000	1060.000	1330.000	1515.000	1770.000	1965.000	2160.000	2350.000	2750.000	3515.000	3500.000	2940.000	0	-1	6985	-1	-1	1	0	0	
7	17	3	0	2	1	0	13524232514	13524232514	4	0	2	1	3	5	2	4	2	3	2	5	1	4	475.000	2860.000	3335.000	0	0	2	1	3	5	2	4	2	3	2	5	1	4	2	2	2	2	2	2	2	2	2	2	2	480.000	725.000	930.000	1200.000	1405.000	1625.000	1850.000	2060.000	2440.000	2800.000	3170.000	3500.000	2940.000	0	-1	6555	-1	-1	1	0	0	
7	18	3	0	2	1	0	13524232514	13524232514	4	0	3	1	3	5	2	4	2	3	2	5	1	4	570.000	2620.000	3190.000	0	0	2	1	3	5	2	4	2	3	2	5	1	4	2	2	2	2	2	2	2	2	2	2	2	575.000	840.000	1035.000	1295.000	1520.000	1745.000	2035.000	2300.000	2530.000	2780.000	3025.000	3500.000	2940.000	0	-1	6410	-1	-1	1	0	0	
7	19	3	0	2	1	0	35421252143	35421252143	4	0	11	3	5	4	2	1	2	5	2	1	4	3	520.000	3360.000	3880.000	0	0	1	3	5	4	2	1	2	5	2	1	4	3	2	2	2	2	2	2	2	2	2	2	2	525.000	795.000	1095.000	1450.000	1810.000	2055.000	2305.000	2575.000	3170.000	3460.000	3705.000	3500.000	2940.000	0	-1	7100	-1	-1	1	0	0	
7	20	3	0	2	1	0	13524232514	13524232514	4	0	2	1	3	5	2	4	2	3	2	5	1	4	530.000	2730.000	3260.000	0	0	2	1	3	5	2	4	2	3	2	5	1	4	2	2	2	2	2	2	2	2	2	2	2	535.000	825.000	1040.000	1285.000	1540.000	1800.000	2025.000	2260.000	2520.000	2850.000	3120.000	3500.000	2940.000	0	-1	6480	-1	-1	1	0	0	
7	21	3	0	2	1	0	35421252143	35421252143	4	0	3	3	5	4	2	1	2	5	2	1	4	3	570.000	2870.000	3440.000	0	0	2	3	5	4	2	1	2	5	2	1	4	3	2	2	2	2	2	2	2	2	2	2	2	575.000	810.000	1110.000	1350.000	1615.000	1895.000	2125.000	2435.000	2705.000	2965.000	3290.000	3500.000	2940.000	0	-1	6660	-1	-1	1	0	0	
7	22	3	0	2	1	0	13524232514	13524232514	4	0	4	1	3	5	2	4	2	3	2	5	1	4	535.000	2800.000	3335.000	0	0	2	1	3	5	2	4	2	3	2	5	1	4	2	2	2	2	2	2	2	2	2	2	2	540.000	855.000	1075.000	1340.000	1625.000	1880.000	2130.000	2370.000	2630.000	2905.000	3110.000	3500.000	2940.000	0	-1	6555	-1	-1	1	0	0	
7	23	3	0	2	1	0	13524232514	13524232514	4	0	11	1	3	5	2	4	2	3	2	5	1	4	560.000	2365.000	2925.000	0	0	3	1	3	5	2	4	2	3	2	5	1	4	2	2	2	2	2	2	2	2	2	2	2	565.000	805.000	980.000	1265.000	1475.000	1720.000	1955.000	2130.000	2330.000	2585.000	2770.000	3500.000	2940.000	0	-1	6145	-1	-1	1	0	0	
7	24	3	0	2	1	0	13524232514	13524232514	4	0	3	1	3	5	2	4	2	3	2	5	1	4	475.000	2505.000	2980.000	0	0	2	1	3	5	2	4	2	3	2	5	1	4	2	2	2	2	2	2	2	2	2	2	2	480.000	770.000	945.000	1230.000	1455.000	1695.000	1915.000	2105.000	2315.000	2550.000	2830.000	3500.000	2940.000	0	-1	6200	-1	-1	1	0	0	
7	25	3	0	2	1	0	13524232514	13524232514	4	0	4	1	3	5	2	4	2	3	2	5	1	4	600.000	2510.000	3110.000	0	0	2	1	3	5	2	4	2	3	2	5	1	4	2	2	2	2	2	2	2	2	2	2	2	605.000	855.000	1035.000	1310.000	1510.000	1750.000	1995.000	2185.000	2425.000	2755.000	2960.000	3500.000	2940.000	0	-1	6330	-1	-1	1	0	0	
7	26	3	0	2	1	0	35421252143	35421252143	4	0	11	3	5	4	2	1	2	5	2	1	4	3	565.000	2865.000	3430.000	0	0	2	3	5	4	2	1	2	5	2	1	4	3	2	2	2	2	2	2	2	2	2	2	2	570.000	840.000	1160.000	1470.000	1760.000	2010.000	2210.000	2530.000	2780.000	3010.000	3265.000	3500.000	2940.000	0	-1	6650	-1	-1	1	0	0	
7	27	3	0	2	1	0	13524232514	13524232514	4	0	11	1	3	5	2	4	2	3	2	5	1	4	535.000	2650.000	3185.000	0	0	2	1	3	5	2	4	2	3	2	5	1	4	2	2	2	2	2	2	2	2	2	2	2	540.000	810.000	980.000	1285.000	1550.000	1765.000	1970.000	2250.000	2515.000	2800.000	3025.000	3500.000	2940.000	0	-1	6405	-1	-1	1	0	0	
7	28	3	0	2	1	0	35421252143	35421252143	4	0	2	3	5	4	2	1	2	5	2	1	4	3	520.000	2940.000	3460.000	0	0	2	3	5	4	2	1	2	5	2	1	4	3	2	2	2	2	2	2	2	2	2	2	2	525.000	790.000	1070.000	1350.000	1610.000	1895.000	2125.000	2405.000	2680.000	2955.000	3305.000	3500.000	2940.000	0	-1	6680	-1	-1	1	0	0	
7	29	3	0	2	1	0	35421252143	35421252143	4	0	11	3	5	4	2	1	2	5	2	1	4	3	535.000	3125.000	3660.000	0	0	1	3	5	4	2	1	2	5	2	1	4	3	2	2	2	2	2	2	2	2	2	2	2	540.000	805.000	1100.000	1440.000	1775.000	2060.000	2315.000	2600.000	2900.000	3200.000	3495.000	3500.000	2940.000	0	-1	6880	-1	-1	1	0	0	
7	30	3	0	2	1	0	35421252143	35421252143	4	0	2	3	5	4	2	1	2	5	2	1	4	3	605.000	2990.000	3595.000	0	0	1	3	5	4	2	1	2	5	2	1	4	3	2	2	2	2	2	2	2	2	2	2	2	610.000	875.000	1175.000	1555.000	1830.000	2070.000	2320.000	2585.000	2895.000	3185.000	3415.000	3500.000	2940.000	0	-1	6815	-1	-1	1	0	0	
7	31	3	0	2	1	0	35421252143	35421252143	4	0	4	3	5	4	2	1	2	5	2	1	4	3	560.000	2705.000	3265.000	0	0	2	3	5	4	2	1	2	5	2	1	4	3	2	2	2	2	2	2	2	2	2	2	2	565.000	830.000	1095.000	1345.000	1590.000	1845.000	2080.000	2320.000	2610.000	2870.000	3115.000	3500.000	2940.000	0	-1	6485	-1	-1	1	0	0	
7	32	3	0	2	1	0	35421252143	35421252143	4	0	4	3	5	4	2	1	2	5	2	1	4	3	555.000	2680.000	3235.000	0	0	2	3	5	4	2	1	2	5	2	1	4	3	2	2	2	2	2	2	2	2	2	2	2	560.000	795.000	1090.000	1370.000	1615.000	1830.000	2040.000	2270.000	2555.000	2835.000	3070.000	3500.000	2940.000	0	-1	6455	-1	-1	1	0	0	
8	1	3	0	2	1	0	13524232514	13524232514	8	0	2	1	3	5	2	4	2	3	2	5	1	4	1530.000	2465.000	3995.000	0	0	1	1	3	5	2	4	2	3	2	5	1	4	2	2	2	2	2	2	2	2	2	2	2	1535.000	1785.000	2025.000	2290.000	2510.000	2715.000	2945.000	3175.000	3415.000	3630.000	3805.000	3500.000	2940.000	0	-1	7215	-1	-1	1	0	0	
8	2	3	0	2	1	0	13524232514	13524232514	8	0	3	1	3	5	2	4	2	3	2	5	1	4	555.000	2490.000	3045.000	0	0	2	1	3	5	2	4	2	3	2	5	1	4	2	2	2	2	2	2	2	2	2	2	2	560.000	855.000	1065.000	1340.000	1560.000	1780.000	2020.000	2235.000	2455.000	2700.000	2880.000	3500.000	2940.000	0	-1	6265	-1	-1	1	0	0	
8	3	3	0	2	1	0	14325242135	14325242135	8	0	11	1	4	3	2	5	2	4	2	1	3	5	880.000	4410.000	5290.000	0	0	1	1	4	3	2	5	2	4	2	1	3	5	2	2	2	2	2	2	2	2	2	2	2	885.000	1400.000	1815.000	2160.000	2510.000	2880.000	3330.000	3770.000	4205.000	4735.000	5095.000	3500.000	2940.000	0	-1	8510	-1	-1	1	0	0	
8	4	3	0	2	1	0	35421252143	35421252143	8	0	3	3	5	4	2	1	2	5	2	1	4	3	710.000	2845.000	3555.000	0	0	1	3	5	4	2	1	2	5	2	1	4	3	2	2	2	2	2	2	2	2	2	2	2	715.000	990.000	1260.000	1510.000	1805.000	2065.000	2335.000	2585.000	2845.000	3120.000	3385.000	3500.000	2940.000	0	-1	6775	-1	-1	1	0	0	
8	5	3	0	2	1	0	14325242135	14325242135	8	0	3	1	4	3	2	5	2	4	2	1	3	5	705.000	4445.000	5150.000	0	0	1	1	4	3	2	5	2	4	2	1	3	5	2	2	2	2	2	2	2	2	2	2	2	710.000	1120.000	1605.000	2055.000	2445.000	2845.000	3190.000	3495.000	3855.000	4615.000	4955.000	3500.000	2940.000	0	-1	8370	-1	-1	1	0	0	
8	6	3	0	2	1	0	14325242135	14325242135	8	0	11	1	4	3	2	5	2	4	2	1	3	5	695.000	4095.000	4790.000	0	0	1	1	4	3	2	5	2	4	2	1	3	5	2	2	2	2	2	2	2	2	2	2	2	700.000	1040.000	1420.000	1740.000	2085.000	2645.000	3170.000	3560.000	3885.000	4320.000	4610.000	3500.000	2940.000	0	-1	8010	-1	-1	1	0	0	
8	7	3	0	2	1	0	51423252413	51423252413	8	0	4	5	1	4	2	3	2	5	2	4	1	3	780.000	5500.000	6280.000	0	0	1	5	1	4	2	3	2	5	2	4	1	3	2	2	2	2	2	2	2	2	2	2	2	785.000	1235.000	1705.000	2195.000	2625.000	2965.000	3310.000	3660.000	4555.000	5200.000	6010.000	3500.000	2940.000	0	-1	9500	-1	-1	1	0	0	
8	8	3	0	2	1	0	13524232514	13524232514	8	0	2	1	3	5	2	4	2	3	2	5	1	4	605.000	2740.000	3345.000	0	0	2	1	3	5	2	4	2	3	2	5	1	4	2	2	2	2	2	2	2	2	2	2	2	610.000	895.000	1135.000	1450.000	1725.000	1985.000	2230.000	2460.000	2685.000	2970.000	3185.000	3500.000	2940.000	0	-1	6565	-1	-1	1	0	0	
8	9	3	0	2	1	0	51423252413	51423252413	8	0	11	5	1	4	2	3	2	5	2	4	1	3	860.000	4230.000	5090.000	0	0	1	5	1	4	2	3	2	5	2	4	1	3	2	2	2	2	2	2	2	2	2	2	2	865.000	1250.000	1550.000	1895.000	2225.000	2545.000	2820.000	3170.000	3640.000	4430.000	4900.000	3500.000	2940.000	0	-1	8310	-1	-1	1	0	0	
8	10	3	0	2	1	0	13524232514	13524232514	8	0	11	1	3	5	2	4	2	3	2	5	1	4	565.000	3155.000	3720.000	0	0	1	1	3	5	2	4	2	3	2	5	1	4	2	2	2	2	2	2	2	2	2	2	2	570.000	855.000	1085.000	1395.000	1645.000	1910.000	2175.000	2460.000	2930.000	3260.000	3530.000	3500.000	2940.000	0	-1	6940	-1	-1	1	0	0	
8	11	3	0	2	1	0	13524232514	13524232514	8	0	11	1	3	5	2	4	2	3	2	5	1	4	660.000	2775.000	3435.000	0	0	2	1	3	5	2	4	2	3	2	5	1	4	2	2	2	2	2	2	2	2	2	2	2	665.000	930.000	1155.000	1440.000	1675.000	1935.000	2210.000	2470.000	2730.000	3055.000	3315.000	3500.000	2940.000	0	-1	6655	-1	-1	1	0	0	
8	12	3	0	2	1	0	14325242135	14325242135	8	0	4	1	4	3	2	5	2	4	2	1	3	5	715.000	4165.000	4880.000	0	0	1	1	4	3	2	5	2	4	2	1	3	5	2	2	2	2	2	2	2	2	2	2	2	720.000	1145.000	1575.000	1975.000	2330.000	2705.000	3110.000	3525.000	3950.000	4410.000	4720.000	3500.000	2940.000	0	-1	8100	-1	-1	1	0	0	
8	13	3	0	2	1	0	35421252143	35421252143	8	0	11	3	5	4	2	1	2	5	2	1	4	3	970.000	3475.000	4445.000	0	0	1	3	5	4	2	1	2	5	2	1	4	3	2	2	2	2	2	2	2	2	2	2	2	975.000	1320.000	1805.000	2170.000	2505.000	2845.000	3120.000	3435.000	3735.000	4015.000	4290.000	3500.000	2940.000	0	-1	7665	-1	-1	1	0	0	
8	14	3	0	2	1	0	35421252143	35421252143	8	0	2	3	5	4	2	1	2	5	2	1	4	3	725.000	3090.000	3815.000	0	0	1	3	5	4	2	1	2	5	2	1	4	3	2	2	2	2	2	2	2	2	2	2	2	730.000	1000.000	1285.000	1540.000	1830.000	2135.000	2430.000	2740.000	3040.000	3355.000	3680.000	3500.000	2940.000	0	-1	7035	-1	-1	1	0	0	
8	15	3	0	2	1	0	14325242135	14325242135	8	0	2	1	4	3	2	5	2	4	2	1	3	5	695.000	3780.000	4475.000	0	0	1	1	4	3	2	5	2	4	2	1	3	5	2	2	2	2	2	2	2	2	2	2	2	700.000	1040.000	1385.000	1710.000	2065.000	2490.000	2890.000	3245.000	3620.000	4075.000	4315.000	3500.000	2940.000	0	-1	7695	-1	-1	1	0	0	
8	16	3	0	2	1	0	51423252413	51423252413	8	0	3	5	1	4	2	3	2	5	2	4	1	3	1115.000	3690.000	4805.000	0	0	1	5	1	4	2	3	2	5	2	4	1	3	2	2	2	2	2	2	2	2	2	2	2	1120.000	1430.000	1720.000	2120.000	2555.000	2895.000	3195.000	3610.000	4160.000	4470.000	4690.000	3500.000	2940.000	0	-1	8025	-1	-1	1	0	0	
8	17	3	0	2	1	0	14325242135	14325242135	8	0	3	1	4	3	2	5	2	4	2	1	3	5	685.000	3840.000	4525.000	0	0	1	1	4	3	2	5	2	4	2	1	3	5	2	2	2	2	2	2	2	2	2	2	2	690.000	985.000	1285.000	1590.000	1860.000	2165.000	2495.000	2780.000	3325.000	4165.000	4415.000	3500.000	2940.000	0	-1	7745	-1	-1	1	0	0	
8	18	3	0	2	1	0	14325242135	14325242135	8	0	2	1	4	3	2	5	2	4	2	1	3	5	625.000	4675.000	5300.000	1	0	0	1	4	3	2	5	2	4	2	1	4	5	2	2	2	2	2	2	2	2	2	2	2	630.000	935.000	1325.000	1715.000	2065.000	2510.000	2995.000	3835.000	4165.000	4505.000	5110.000	3500.000	2940.000	0	-1	8520	-1	-1	1	0	0	
8	19	3	0	2	1	0	35421252143	35421252143	8	0	2	3	5	4	2	1	2	5	2	1	4	3	910.000	3455.000	4365.000	0	0	1	3	5	4	2	1	2	5	2	1	4	3	2	2	2	2	2	2	2	2	2	2	2	915.000	1170.000	1530.000	1865.000	2245.000	2595.000	2895.000	3220.000	3575.000	3960.000	4235.000	3500.000	2940.000	0	-1	7585	-1	-1	1	0	0	
8	20	3	0	2	1	0	13524232514	13524232514	8	0	3	1	3	5	2	4	2	3	2	5	1	4	500.000	3075.000	3575.000	1	0	0	1	3	5	2	4	2	3	2	5	4	4	2	2	2	2	2	2	2	2	2	2	2	505.000	735.000	930.000	1170.000	1405.000	1635.000	1875.000	2125.000	2340.000	2805.000	3375.000	3500.000	2940.000	0	-1	6795	-1	-1	1	0	0	
8	21	3	0	2	1	0	51423252413	51423252413	8	0	2	5	1	4	2	3	2	5	2	4	1	3	645.000	4065.000	4710.000	0	0	1	5	1	4	2	3	2	5	2	4	1	3	2	2	2	2	2	2	2	2	2	2	2	650.000	1025.000	1375.000	1790.000	2205.000	2530.000	2810.000	3360.000	3715.000	4245.000	4570.000	3500.000	2940.000	0	-1	7930	-1	-1	1	0	0	
8	22	3	0	2	1	0	51423252413	51423252413	8	0	11	5	1	4	2	3	2	5	2	4	1	3	655.000	3765.000	4420.000	0	0	1	5	1	4	2	3	2	5	2	4	1	3	2	2	2	2	2	2	2	2	2	2	2	660.000	965.000	1215.000	1520.000	1820.000	2110.000	2415.000	2765.000	3470.000	3865.000	4240.000	3500.000	2940.000	0	-1	7640	-1	-1	1	0	0	
8	23	3	0	2	1	0	13524232514	13524232514	8	0	4	1	3	5	2	4	2	3	2	5	1	4	660.000	2735.000	3395.000	0	0	2	1	3	5	2	4	2	3	2	5	1	4	2	2	2	2	2	2	2	2	2	2	2	665.000	890.000	1060.000	1320.000	1610.000	1870.000	2145.000	2365.000	2660.000	2970.000	3235.000	3500.000	2940.000	0	-1	6615	-1	-1	1	0	0	
8	24	3	0	2	1	0	13524232514	13524232514	8	0	4	1	3	5	2	4	2	3	2	5	1	4	615.000	3255.000	3870.000	0	0	1	1	3	5	2	4	2	3	2	5	1	4	2	2	2	2	2	2	2	2	2	2	2	620.000	855.000	1055.000	1340.000	1660.000	2230.000	2535.000	2860.000	3190.000	3495.000	3725.000	3500.000	2940.000	0	-1	7090	-1	-1	1	0	0	
8	25	3	0	2	1	0	35421252143	35421252143	8	0	4	3	5	4	2	1	2	5	2	1	4	3	865.000	3270.000	4135.000	0	0	1	3	5	4	2	1	2	5	2	1	4	3	2	2	2	2	2	2	2	2	2	2	2	870.000	1110.000	1600.000	2075.000	2405.000	2665.000	2950.000	3220.000	3500.000	3775.000	4010.000	3500.000	2940.000	0	-1	7355	-1	-1	1	0	0	
8	26	3	0	2	1	0	51423252413	51423252413	8	0	3	5	1	4	2	3	2	5	2	4	1	3	735.000	3695.000	4430.000	1	0	0	5	1	4	2	3	2	5	2	4	2	3	2	2	2	2	2	2	2	2	2	2	2	740.000	1045.000	1290.000	1590.000	1930.000	2290.000	2585.000	3015.000	3315.000	3620.000	4225.000	3500.000	2940.000	0	-1	7650	-1	-1	1	0	0	
8	27	3	0	2	1	0	51423252413	51423252413	8	0	4	5	1	4	2	3	2	5	2	4	1	3	565.000	3695.000	4260.000	0	0	1	5	1	4	2	3	2	5	2	4	1	3	2	2	2	2	2	2	2	2	2	2	2	570.000	860.000	1155.000	1495.000	1830.000	2100.000	2415.000	2825.000	3135.000	3760.000	4080.000	3500.000	2940.000	0	-1	7480	-1	-1	1	0	0	
8	28	3	0	2	1	0	35421252143	35421252143	8	0	11	3	5	4	2	1	2	5	2	1	4	3	780.000	3720.000	4500.000	0	0	1	3	5	4	2	1	2	5	2	1	4	3	2	2	2	2	2	2	2	2	2	2	2	785.000	1095.000	1600.000	1905.000	2190.000	2490.000	2955.000	3360.000	3765.000	4060.000	4355.000	3500.000	2940.000	0	-1	7720	-1	-1	1	0	0	
8	29	3	0	2	1	0	14325242135	14325242135	8	0	4	1	4	3	2	5	2	4	2	1	3	5	605.000	4125.000	4730.000	0	0	1	1	4	3	2	5	2	4	2	1	3	5	2	2	2	2	2	2	2	2	2	2	2	610.000	1055.000	1445.000	1765.000	2220.000	2705.000	3080.000	3335.000	3745.000	4315.000	4575.000	3500.000	2940.000	0	-1	7950	-1	-1	1	0	0	
8	30	3	0	2	1	0	51423252413	51423252413	8	0	2	5	1	4	2	3	2	5	2	4	1	3	640.000	3885.000	4525.000	0	0	1	5	1	4	2	3	2	5	2	4	1	3	2	2	2	2	2	2	2	2	2	2	2	645.000	1020.000	1295.000	1635.000	1960.000	2260.000	2540.000	3000.000	3450.000	3840.000	4375.000	3500.000	2940.000	0	-1	7745	-1	-1	1	0	0	
8	31	3	0	2	1	0	35421252143	35421252143	8	0	3	3	5	4	2	1	2	5	2	1	4	3	860.000	3940.000	4800.000	0	0	1	3	5	4	2	1	2	5	2	1	4	3	2	2	2	2	2	2	2	2	2	2	2	865.000	1135.000	1530.000	2015.000	2445.000	2750.000	3005.000	3300.000	3590.000	4140.000	4605.000	3500.000	2940.000	0	-1	8020	-1	-1	1	0	0	
8	32	3	0	2	1	0	35421252143	35421252143	8	0	4	3	5	4	2	1	2	5	2	1	4	3	685.000	3870.000	4555.000	0	0	1	3	5	4	2	1	2	5	2	1	4	3	2	2	2	2	2	2	2	2	2	2	2	690.000	990.000	1515.000	1885.000	2220.000	2540.000	2840.000	3135.000	3470.000	3775.000	4380.000	3500.000	2940.000	0	-1	7775	-1	-1	1	0	0	
